0 0.008746
1 0.015744
2 0.022741
3 0.031487
4 0.038484
5 0.045482
6 0.052479
7 0.059476
8 0.068222
9 0.075220
10 0.082217
11 0.089214
12 0.096211
13 0.104958
14 0.111955
15 0.118952
16 0.125949
17 0.134696
18 0.141693
19 0.148690
20 0.155687
21 0.162684
22 0.171431
23 0.178428
24 0.185425
25 0.192422
26 0.201169
27 0.208166
28 0.215163
29 0.223910
30 0.230907
31 0.237904
32 0.244901
33 0.251898
34 0.260645
35 0.267642
36 0.274639
37 0.283386
38 0.290383
39 0.297380
40 0.306127
41 0.313124
42 0.320121
43 0.327118
44 0.335865
45 0.342862
46 0.349859
47 0.356856
48 0.365603
49 0.372600
50 0.379597
51 0.388343
52 0.395341
53 0.402338
54 0.411084
55 0.418081
56 0.425079
57 0.432076
58 0.440822
59 0.447819
60 0.454817
61 0.463563
62 0.470560
63 0.477557
64 0.486304
65 0.493301
66 0.500298
67 0.507295
68 0.516042
69 0.523039
70 0.530036
71 0.538783
72 0.545780
73 0.552777
74 0.561523
75 0.568521
76 0.575518
77 0.584264
78 0.591261
79 0.598259
80 0.607005
81 0.614002
82 0.620999
83 0.629746
84 0.636743
85 0.643740
86 0.650737
87 0.659484
88 0.666481
89 0.673478
90 0.682225
91 0.689222
92 0.696219
93 0.704966
94 0.711963
95 0.718960
96 0.727706
97 0.734704
98 0.741701
99 0.750447
100 0.757444
101 0.764442
102 0.773188
103 0.780185
104 0.787182
105 0.795929
106 0.802926
107 0.809923
108 0.818670
109 0.825667
110 0.832664
111 0.841411
112 0.848408
113 0.855405
114 0.864151
115 0.871149
116 0.878146
117 0.886892
118 0.893889
119 0.900887
120 0.909633
121 0.916630
122 0.923627
123 0.932374
124 0.939371
125 0.946368
126 0.955115
127 0.962112
128 0.969109
129 0.977856
130 0.984853
131 0.991850
132 1.000596
133 1.007594
134 1.014591
135 1.023337
136 1.030334
137 1.039081
138 1.046078
139 1.053075
140 1.061822
141 1.068819
142 1.075816
143 1.084562
144 1.091560
145 1.098557
146 1.107303
147 1.114300
148 1.121298
149 1.130044
150 1.137041
151 1.144038
152 1.152785
153 1.159782
154 1.166779
155 1.175526
156 1.182523
157 1.189520
158 1.198267
159 1.205264
160 1.212261
161 1.221007
162 1.228005
163 1.235002
164 1.243748
165 1.250745
166 1.257743
167 1.266489
168 1.273486
169 1.280483
170 1.289230
171 1.296227
172 1.303224
173 1.311971
174 1.318968
175 1.325965
176 1.334712
177 1.341709
178 1.348706
179 1.357452
180 1.364450
181 1.373196
182 1.380193
183 1.387190
184 1.395937
185 1.402934
186 1.409931
187 1.418678
188 1.425675
189 1.432672
190 1.441419
191 1.448416
192 1.455413
193 1.464159
194 1.471157
195 1.478154
196 1.486900
197 1.493897
198 1.500895
199 1.509641
200 1.516638
201 1.523635
202 1.532382
203 1.539379
204 1.546376
205 1.555123
206 1.562120
207 1.569117
208 1.577863
209 1.584861
210 1.591858
211 1.600604
212 1.607601
213 1.614599
214 1.623345
215 1.630342
216 1.637339
217 1.646086
218 1.653083
219 1.660080
220 1.668827
221 1.675824
222 1.682821
223 1.691568
224 1.698565
225 1.707311
226 1.714308
227 1.721306
228 1.730052
229 1.737049
230 1.744046
231 1.752793
232 1.759790
233 1.766787
234 1.775534
235 1.782531
236 1.789528
237 1.798275
238 1.805272
239 1.812269
240 1.821015
241 1.828013
242 1.835010
243 1.843756
244 1.850753
245 1.857751
246 1.866497
247 1.873494
248 1.880491
249 1.889238
250 1.896235
251 1.903232
252 1.911979
253 1.918976
254 1.927722
255 1.934720
256 1.941717
257 1.950463
258 1.957460
259 1.964458
260 1.973204
261 1.980201
262 1.987198
263 1.995945
264 2.002942
265 2.009939
266 2.018686
267 2.025683
268 2.032680
269 2.041426
270 2.048424
271 2.055421
272 2.064167
273 2.071164
274 2.078162
275 2.086908
276 2.093905
277 2.100902
278 2.109649
279 2.116646
280 2.123643
281 2.132390
282 2.139387
283 2.148133
284 2.155131
285 2.162128
286 2.169125
287 2.177871
288 2.184869
289 2.193615
290 2.200612
291 2.207609
292 2.216356
293 2.223353
294 2.230350
295 2.239097
296 2.246094
297 2.253091
298 2.261838
299 2.268835
300 2.275832
301 2.284578
302 2.291576
303 2.298573
304 2.307319
305 2.314316
306 2.321314
307 2.330060
308 2.337057
309 2.344054
310 2.352801
311 2.359798
312 2.366795
313 2.375542
314 2.382539
315 2.391285
316 2.398283
317 2.405280
318 2.414026
319 2.421023
320 2.428021
321 2.436767
322 2.443764
323 2.450761
324 2.459508
325 2.466505
326 2.473502
327 2.482249
328 2.489246
329 2.496243
330 2.504989
331 2.511987
332 2.518984
333 2.527730
334 2.534727
335 2.541725
336 2.550471
337 2.557468
338 2.564465
339 2.573212
340 2.580209
341 2.587206
342 2.595953
343 2.602950
344 2.609947
345 2.618694
346 2.625691
347 2.634437
348 2.641434
349 2.648432
350 2.657178
351 2.664175
352 2.671172
353 2.679919
354 2.686916
355 2.693913
356 2.702660
357 2.709657
358 2.716654
359 2.725401
360 2.732398
361 2.739395
362 2.748141
363 2.755139
364 2.762136
365 2.770882
366 2.777879
367 2.784877
368 2.793623
369 2.800620
370 2.807617
371 2.816364
372 2.823361
373 2.830358
374 2.839105
375 2.846102
376 2.853099
377 2.861846
378 2.868843
379 2.875840
380 2.884586
381 2.891584
382 2.898581
383 2.907327
384 2.914324
385 2.921322
386 2.930068
387 2.937065
388 2.944062
389 2.952809
390 2.959806
391 2.968552
392 2.975550
393 2.982547
394 2.991293
395 2.998290
396 3.005288
397 3.014034
398 3.021031
399 3.028028
400 3.036775
401 3.043772
402 3.050769
403 3.059516
404 3.066513
405 3.073510
406 3.082257
407 3.089254
408 3.096251
409 3.104997
410 3.111995
411 3.118992
412 3.127738
413 3.134735
414 3.143482
415 3.150479
416 3.157476
417 3.164473
418 3.173220
419 3.180217
420 3.188964
421 3.195961
422 3.202958
423 3.211704
424 3.218702
425 3.225699
426 3.234445
427 3.241442
428 3.248440
429 3.257186
430 3.264183
431 3.271180
432 3.279927
433 3.286924
434 3.293921
435 3.302668
436 3.309665
437 3.316662
438 3.325409
439 3.332406
440 3.339403
441 3.348149
442 3.355147
443 3.362144
444 3.370890
445 3.377887
446 3.386634
447 3.393631
448 3.400628
449 3.409375
450 3.416372
451 3.423369
452 3.432115
453 3.439113
454 3.446110
455 3.454856
456 3.461853
457 3.468851
458 3.477597
459 3.484594
460 3.491591
461 3.500338
462 3.507335
463 3.514332
464 3.523079
465 3.530076
466 3.537073
467 3.545820
468 3.552817
469 3.559814
470 3.568560
471 3.575558
472 3.584304
473 3.591301
474 3.598298
475 3.607045
476 3.614042
477 3.621039
478 3.629786
479 3.636783
480 3.643780
481 3.652527
482 3.659524
483 3.666521
484 3.675267
485 3.682265
486 3.689262
487 3.698008
488 3.705005
489 3.712003
490 3.720749
491 3.727746
492 3.734743
493 3.743490
494 3.750487
495 3.757484
496 3.766231
497 3.773228
498 3.780225
499 3.788971
500 3.795969
501 3.804715
502 3.811712
503 3.818709
504 3.827456
505 3.834453
506 3.841450
507 3.850197
508 3.857194
509 3.864191
510 3.872938
511 3.879935
512 3.886932
513 3.895678
514 3.902676
515 3.909673
516 3.918419
517 3.925416
518 3.932414
519 3.941160
520 3.948157
521 3.955154
522 3.963901
523 3.970898
524 3.977895
525 3.986642
526 3.993639
527 4.002385
528 4.009383
529 4.016380
530 4.025126
531 4.032123
532 4.039121
533 4.047867
534 4.054864
535 4.061861
536 4.070608
537 4.077605
538 4.084602
539 4.093349
540 4.100346
541 4.107343
542 4.116090
543 4.123087
544 4.130084
545 4.138830
546 4.145828
547 4.152825
548 4.161571
549 4.168568
550 4.175566
551 4.184312
552 4.191309
553 4.198306
554 4.207053
555 4.214050
556 4.222796
557 4.229794
558 4.236791
559 4.245537
560 4.252534
561 4.259532
562 4.268278
563 4.275275
564 4.282272
565 4.291019
566 4.298016
567 4.305013
568 4.313760
569 4.320757
570 4.327754
571 4.336501
572 4.343498
573 4.350495
574 4.359241
575 4.366239
576 4.373236
577 4.381982
578 4.388979
579 4.395977
580 4.404723
581 4.411720
582 4.418717
583 4.427464
584 4.434461
585 4.443208
586 4.450205
587 4.457202
588 4.464199
589 4.472946
590 4.479943
591 4.488689
592 4.495686
593 4.502684
594 4.511430
595 4.518427
596 4.525424
597 4.534171
598 4.541168
599 4.548165
600 4.556912
601 4.563909
602 4.570906
603 4.579653
604 4.586650
605 4.593647
606 4.602393
607 4.609391
608 4.616388
609 4.625134
610 4.632131
611 4.639129
612 4.647875
613 4.654872
614 4.663619
615 4.670616
616 4.677613
617 4.686359
618 4.693357
619 4.700354
620 4.709100
621 4.716097
622 4.723095
623 4.731841
624 4.738838
625 4.745835
626 4.754582
627 4.761579
628 4.768576
629 4.777323
630 4.784320
631 4.791317
632 4.800064
633 4.807061
634 4.814058
635 4.822804
636 4.829802
637 4.836799
638 4.845545
639 4.852542
640 4.861289
641 4.868286
642 4.875283
643 4.884030
644 4.891027
645 4.898024
646 4.906771
647 4.913768
648 4.920765
649 4.929511
650 4.936509
651 4.943506
652 4.952252
653 4.959249
654 4.966247
655 4.974993
656 4.981990
657 4.988987
658 4.997734
659 5.004731
660 5.011728
661 5.020475
662 5.027472
663 5.034469
664 5.043216
665 5.050213
666 5.058959
667 5.065956
668 5.072954
669 5.081700
670 5.088697
671 5.095694
672 5.104441
673 5.111438
674 5.118435
675 5.127182
676 5.134179
677 5.141176
678 5.149922
679 5.156920
680 5.163917
681 5.172663
682 5.179660
683 5.186658
684 5.195404
685 5.202401
686 5.209398
687 5.218145
688 5.225142
689 5.233889
690 5.240886
691 5.247883
692 5.256629
693 5.263627
694 5.270624
695 5.279370
696 5.286367
697 5.293365
698 5.302111
699 5.309108
700 5.316105
701 5.324852
702 5.331849
703 5.338846
704 5.347593
705 5.354590
706 5.361587
707 5.370334
708 5.377331
709 5.384328
710 5.393074
711 5.400072
712 5.407069
713 5.415815
714 5.422812
715 5.431559
716 5.438556
717 5.445553
718 5.454300
719 5.461297
720 5.468294
721 5.477041
722 5.484038
723 5.491035
724 5.499781
725 5.506779
726 5.513776
727 5.522522
728 5.529519
729 5.536517
730 5.545263
731 5.552260
732 5.561007
733 5.568004
734 5.575001
735 5.583747
736 5.590745
737 5.597742
738 5.606488
739 5.613485
740 5.620483
741 5.629229
742 5.636226
743 5.643223
744 5.651970
745 5.658967
746 5.665964
747 5.674711
748 5.681708
749 5.688705
750 5.697452
751 5.704449
752 5.711446
753 5.720192
754 5.727190
755 5.735936
756 5.742933
757 5.749930
758 5.758677
759 5.765674
760 5.772671
761 5.781418
762 5.788415
763 5.795412
764 5.804159
765 5.811156
766 5.818153
767 5.826899
768 5.833897
769 5.840894
770 5.849640
771 5.856637
772 5.863635
773 5.872381
774 5.879378
775 5.886375
776 5.895122
777 5.902119
778 5.909116
779 5.917863
780 5.924860
781 5.933606
782 5.940604
783 5.947601
784 5.954598
785 5.963344
786 5.970342
787 5.977339
788 5.984336
789 5.991333
790 6.000080
791 6.007077
792 6.014074
793 6.021071
794 6.028068
795 6.035065
796 6.042063
797 6.049060
798 6.054308
799 6.061305
800 6.068302
801 6.075299
802 6.082296
803 6.087544
804 6.094541
805 6.101539
806 6.106786
807 6.113784
808 6.119032
809 6.124279
810 6.131277
811 6.136524
812 6.141772
813 6.148770
814 6.154017
815 6.159265
816 6.164513
817 6.169761
818 6.175009
819 6.180257
820 6.185505
821 6.190753
822 6.194251
823 6.199499
824 6.204747
825 6.208246
826 6.213493
827 6.216992
828 6.222240
829 6.225738
830 6.229237
831 6.234485
832 6.237984
833 6.241482
834 6.244981
835 6.248479
836 6.251978
837 6.255476
838 6.258975
839 6.262474
840 6.264223
841 6.267722
842 6.271220
843 6.272969
844 6.276468
845 6.278217
846 6.281716
847 6.283465
848 6.285214
849 6.288713
850 6.290462
851 6.292212
852 6.293961
853 6.295710
854 6.297460
855 6.299209
856 6.300958
857 6.302707
858 6.304457
859 6.306206
860 6.307955
861 6.307955
862 6.309705
863 6.311454
864 6.311454
865 6.313203
866 6.314952
867 6.314952
868 6.316702
869 6.316702
870 6.316702
871 6.318451
872 6.318451
873 6.318451
874 6.320200
875 6.320200
876 6.320200
877 6.321950
878 6.321950
879 6.321950
880 6.321950
881 6.321950
882 6.321950
883 6.321950
884 6.321950
885 6.321950
886 6.321950
887 6.321950
888 6.321950
889 6.321950
890 6.321950
891 6.321950
892 6.321950
893 6.320200
894 6.320200
895 6.320200
896 6.320200
897 6.320200
898 6.318451
899 6.318451
900 6.318451
901 6.318451
902 6.316702
903 6.316702
904 6.316702
905 6.316702
906 6.314952
907 6.314952
908 6.314952
909 6.314952
910 6.313203
911 6.313203
912 6.313203
913 6.313203
914 6.311454
915 6.311454
916 6.311454
917 6.311454
918 6.309705
919 6.309705
920 6.309705
921 6.309705
922 6.307955
923 6.307955
924 6.307955
925 6.307955
926 6.306206
927 6.306206
928 6.306206
929 6.306206
930 6.304457
931 6.304457
932 6.304457
933 6.304457
934 6.302707
935 6.302707
936 6.302707
937 6.302707
938 6.300958
939 6.300958
940 6.300958
941 6.300958
942 6.300958
943 6.299209
944 6.299209
945 6.299209
946 6.299209
947 6.299209
948 6.299209
949 6.297460
950 6.297460
951 6.297460
952 6.297460
953 6.297460
954 6.297460
955 6.297460
956 6.295710
957 6.295710
958 6.295710
959 6.295710
960 6.295710
961 6.295710
962 6.295710
963 6.293961
964 6.293961
965 6.293961
966 6.293961
967 6.293961
968 6.293961
969 6.293961
970 6.293961
971 6.292212
972 6.292212
973 6.292212
974 6.292212
975 6.292212
976 6.292212
977 6.292212
978 6.292212
979 6.290462
980 6.290462
981 6.290462
982 6.290462
983 6.290462
984 6.290462
985 6.290462
986 6.290462
987 6.290462
988 6.290462
989 6.290462
990 6.290462
991 6.288713
992 6.288713
993 6.288713
994 6.288713
995 6.288713
996 6.288713
997 6.288713
998 6.288713
999 6.288713
1000 6.288713
1001 6.288713
1002 6.288713
1003 6.288713
1004 6.288713
1005 6.288713
1006 6.288713
1007 6.288713
1008 6.288713
1009 6.288713
1010 6.288713
1011 6.290462
1012 6.290462
1013 6.290462
1014 6.290462
1015 6.290462
1016 6.290462
1017 6.290462
1018 6.290462
1019 6.290462
1020 6.290462
1021 6.290462
1022 6.290462
1023 6.290462
1024 6.290462
1025 6.290462
1026 6.290462
1027 6.290462
1028 6.290462
1029 6.290462
1030 6.290462
1031 6.290462
1032 6.290462
1033 6.290462
1034 6.290462
1035 6.290462
1036 6.290462
1037 6.290462
1038 6.290462
1039 6.290462
1040 6.290462
1041 6.290462
1042 6.290462
1043 6.290462
1044 6.290462
1045 6.290462
1046 6.290462
1047 6.290462
1048 6.290462
1049 6.290462
1050 6.290462
1051 6.290462
1052 6.290462
1053 6.290462
1054 6.290462
1055 6.290462
1056 6.290462
1057 6.290462
1058 6.290462
1059 6.290462
1060 6.290462
1061 6.290462
1062 6.290462
1063 6.290462
1064 6.290462
1065 6.290462
1066 6.290462
1067 6.290462
1068 6.290462
1069 6.290462
1070 6.290462
1071 6.290462
1072 6.290462
1073 6.290462
1074 6.290462
1075 6.290462
1076 6.290462
1077 6.290462
1078 6.290462
1079 6.290462
1080 6.290462
1081 6.290462
1082 6.290462
1083 6.290462
1084 6.290462
1085 6.290462
1086 6.290462
1087 6.290462
1088 6.290462
1089 6.290462
1090 6.290462
1091 6.290462
1092 6.290462
1093 6.290462
1094 6.290462
1095 6.290462
1096 6.290462
1097 6.290462
1098 6.290462
1099 6.290462
1100 6.290462
1101 6.290462
1102 6.290462
1103 6.290462
1104 6.290462
1105 6.290462
1106 6.290462
1107 6.290462
1108 6.290462
1109 6.290462
1110 6.290462
1111 6.290462
1112 6.290462
1113 6.290462
1114 6.290462
1115 6.290462
1116 6.290462
1117 6.290462
1118 6.290462
1119 6.290462
1120 6.290462
1121 6.290462
1122 6.290462
1123 6.290462
1124 6.290462
1125 6.290462
1126 6.290462
1127 6.290462
1128 6.290462
1129 6.290462
1130 6.290462
1131 6.290462
1132 6.290462
1133 6.290462
1134 6.290462
1135 6.290462
1136 6.290462
1137 6.290462
1138 6.290462
1139 6.290462
1140 6.290462
1141 6.290462
1142 6.290462
1143 6.290462
1144 6.290462
1145 6.290462
1146 6.290462
1147 6.290462
1148 6.290462
1149 6.290462
1150 6.290462
1151 6.290462
1152 6.290462
1153 6.290462
1154 6.290462
1155 6.290462
1156 6.290462
1157 6.290462
1158 6.290462
1159 6.290462
1160 6.290462
1161 6.290462
1162 6.290462
1163 6.290462
1164 6.290462
1165 6.290462
1166 6.290462
1167 6.290462
1168 6.290462
1169 6.290462
1170 6.290462
1171 6.290462
1172 6.290462
1173 6.290462
1174 6.290462
1175 6.290462
1176 6.290462
1177 6.290462
1178 6.290462
1179 6.290462
1180 6.290462
1181 6.290462
1182 6.290462
1183 6.290462
1184 6.290462
1185 6.290462
1186 6.290462
1187 6.290462
1188 6.290462
1189 6.290462
1190 6.290462
1191 6.290462
1192 6.290462
1193 6.290462
1194 6.290462
1195 6.290462
1196 6.290462
1197 6.290462
1198 6.290462
1199 6.290462
1200 6.290462
1201 6.290462
1202 6.290462
1203 6.290462
1204 6.290462
1205 6.290462
1206 6.290462
1207 6.290462
1208 6.290462
1209 6.290462
1210 6.290462
1211 6.290462
1212 6.290462
1213 6.290462
1214 6.290462
1215 6.290462
1216 6.290462
1217 6.290462
1218 6.290462
1219 6.290462
1220 6.290462
1221 6.290462
1222 6.290462
1223 6.290462
1224 6.290462
1225 6.290462
1226 6.290462
1227 6.290462
1228 6.290462
1229 6.290462
1230 6.290462
1231 6.290462
1232 6.290462
1233 6.290462
1234 6.290462
1235 6.290462
1236 6.290462
1237 6.290462
1238 6.290462
1239 6.290462
1240 6.290462
1241 6.290462
1242 6.290462
1243 6.290462
1244 6.290462
1245 6.290462
1246 6.290462
1247 6.290462
1248 6.290462
1249 6.290462
1250 6.290462
1251 6.290462
1252 6.290462
1253 6.290462
1254 6.290462
1255 6.290462
1256 6.290462
1257 6.290462
1258 6.290462
1259 6.290462
1260 6.290462
1261 6.290462
1262 6.290462
1263 6.290462
1264 6.290462
1265 6.290462
1266 6.290462
1267 6.290462
1268 6.290462
1269 6.290462
1270 6.290462
1271 6.290462
1272 6.290462
1273 6.290462
1274 6.290462
1275 6.290462
1276 6.290462
1277 6.290462
1278 6.290462
1279 6.290462
1280 6.290462
1281 6.290462
1282 6.290462
1283 6.290462
1284 6.290462
1285 6.290462
1286 6.290462
1287 6.290462
1288 6.290462
1289 6.290462
1290 6.290462
1291 6.290462
1292 6.290462
1293 6.290462
1294 6.290462
1295 6.290462
1296 6.290462
1297 6.290462
1298 6.290462
1299 6.290462
1300 6.290462
1301 6.290462
1302 6.290462
1303 6.290462
1304 6.290462
1305 6.290462
1306 6.290462
1307 6.290462
1308 6.290462
1309 6.290462
1310 6.290462
1311 6.290462
1312 6.290462
1313 6.290462
1314 6.290462
1315 6.290462
1316 6.290462
1317 6.290462
1318 6.290462
1319 6.290462
1320 6.290462
1321 6.290462
1322 6.290462
1323 6.290462
1324 6.290462
1325 6.290462
1326 6.290462
1327 6.290462
1328 6.290462
1329 6.290462
1330 6.290462
1331 6.290462
1332 6.290462
1333 6.290462
1334 6.290462
1335 6.290462
1336 6.290462
1337 6.290462
1338 6.290462
1339 6.290462
1340 6.290462
1341 6.290462
1342 6.290462
1343 6.290462
1344 6.290462
1345 6.290462
1346 6.290462
1347 6.290462
1348 6.290462
1349 6.290462
1350 6.290462
1351 6.290462
1352 6.290462
1353 6.290462
1354 6.290462
1355 6.290462
1356 6.290462
1357 6.290462
1358 6.290462
1359 6.290462
1360 6.290462
1361 6.290462
1362 6.290462
1363 6.290462
1364 6.290462
1365 6.290462
1366 6.290462
1367 6.290462
1368 6.290462
1369 6.290462
1370 6.290462
1371 6.290462
1372 6.290462
1373 6.290462
1374 6.290462
1375 6.290462
1376 6.290462
1377 6.290462
1378 6.290462
1379 6.290462
1380 6.290462
1381 6.290462
1382 6.290462
1383 6.290462
1384 6.290462
1385 6.290462
1386 6.290462
1387 6.290462
1388 6.290462
1389 6.290462
1390 6.290462
1391 6.290462
1392 6.290462
1393 6.290462
1394 6.290462
1395 6.290462
1396 6.290462
1397 6.290462
1398 6.290462
1399 6.290462
1400 6.290462
1401 6.290462
1402 6.290462
1403 6.290462
1404 6.290462
1405 6.290462
1406 6.290462
1407 6.290462
1408 6.290462
1409 6.290462
1410 6.290462
1411 6.290462
1412 6.290462
1413 6.290462
1414 6.290462
1415 6.290462
1416 6.290462
1417 6.290462
1418 6.290462
1419 6.290462
1420 6.290462
1421 6.290462
1422 6.290462
1423 6.290462
1424 6.290462
1425 6.290462
1426 6.290462
1427 6.290462
1428 6.290462
1429 6.290462
1430 6.290462
1431 6.290462
1432 6.290462
1433 6.290462
1434 6.290462
1435 6.290462
1436 6.290462
1437 6.290462
1438 6.290462
1439 6.290462
1440 6.290462
1441 6.290462
1442 6.290462
1443 6.290462
1444 6.290462
1445 6.290462
1446 6.290462
1447 6.290462
1448 6.290462
1449 6.290462
1450 6.290462
1451 6.290462
1452 6.290462
1453 6.290462
1454 6.290462
1455 6.290462
1456 6.290462
1457 6.290462
1458 6.290462
1459 6.290462
1460 6.290462
1461 6.290462
1462 6.290462
1463 6.290462
1464 6.290462
1465 6.290462
1466 6.290462
1467 6.290462
1468 6.290462
1469 6.290462
1470 6.290462
1471 6.290462
1472 6.290462
1473 6.290462
1474 6.290462
1475 6.290462
1476 6.290462
1477 6.290462
1478 6.290462
1479 6.290462
1480 6.290462
1481 6.290462
1482 6.290462
1483 6.290462
1484 6.290462
1485 6.290462
1486 6.290462
1487 6.290462
1488 6.290462
1489 6.290462
1490 6.290462
1491 6.290462
1492 6.290462
1493 6.290462
1494 6.290462
1495 6.290462
1496 6.290462
1497 6.290462
1498 6.290462
1499 6.290462