0 0.010496
1 0.017493
2 0.026239
3 0.033237
4 0.040234
5 0.047231
6 0.055977
7 0.062975
8 0.069972
9 0.078718
10 0.085715
11 0.092713
12 0.099710
13 0.108456
14 0.115453
15 0.122451
16 0.129448
17 0.138194
18 0.145191
19 0.152189
20 0.160935
21 0.167932
22 0.174929
23 0.181927
24 0.190673
25 0.197670
26 0.204667
27 0.213414
28 0.220411
29 0.227408
30 0.236155
31 0.243152
32 0.250149
33 0.258896
34 0.265893
35 0.272890
36 0.281636
37 0.288634
38 0.295631
39 0.304377
40 0.311374
41 0.318372
42 0.327118
43 0.334115
44 0.341112
45 0.348110
46 0.356856
47 0.363853
48 0.372600
49 0.379597
50 0.386594
51 0.395341
52 0.402338
53 0.409335
54 0.418081
55 0.425079
56 0.432076
57 0.440822
58 0.447819
59 0.454817
60 0.463563
61 0.470560
62 0.477557
63 0.486304
64 0.493301
65 0.500298
66 0.509045
67 0.516042
68 0.524788
69 0.531785
70 0.538783
71 0.547529
72 0.554526
73 0.561523
74 0.570270
75 0.577267
76 0.584264
77 0.593011
78 0.600008
79 0.607005
80 0.615752
81 0.622749
82 0.631495
83 0.638492
84 0.645490
85 0.654236
86 0.661233
87 0.668230
88 0.676977
89 0.683974
90 0.692721
91 0.699718
92 0.706715
93 0.715461
94 0.722459
95 0.729456
96 0.738202
97 0.745199
98 0.753946
99 0.760943
100 0.767940
101 0.776687
102 0.783684
103 0.790681
104 0.799428
105 0.806425
106 0.815171
107 0.822168
108 0.829166
109 0.837912
110 0.844909
111 0.851906
112 0.860653
113 0.867650
114 0.874647
115 0.883394
116 0.890391
117 0.899137
118 0.906134
119 0.913132
120 0.921878
121 0.928875
122 0.935872
123 0.944619
124 0.951616
125 0.960363
126 0.967360
127 0.974357
128 0.983103
129 0.990101
130 0.997098
131 1.005844
132 1.012841
133 1.019839
134 1.028585
135 1.035582
136 1.044329
137 1.051326
138 1.058323
139 1.067070
140 1.074067
141 1.082813
142 1.089810
143 1.096808
144 1.105554
145 1.112551
146 1.119548
147 1.128295
148 1.135292
149 1.144038
150 1.151036
151 1.158033
152 1.166779
153 1.173776
154 1.180774
155 1.189520
156 1.196517
157 1.205264
158 1.212261
159 1.219258
160 1.228005
161 1.235002
162 1.241999
163 1.250745
164 1.257743
165 1.266489
166 1.273486
167 1.280483
168 1.289230
169 1.296227
170 1.303224
171 1.311971
172 1.318968
173 1.327714
174 1.334712
175 1.341709
176 1.350455
177 1.357452
178 1.364450
179 1.373196
180 1.380193
181 1.387190
182 1.395937
183 1.402934
184 1.411681
185 1.418678
186 1.425675
187 1.434421
188 1.441419
189 1.450165
190 1.457162
191 1.464159
192 1.472906
193 1.479903
194 1.486900
195 1.495647
196 1.502644
197 1.509641
198 1.518387
199 1.525385
200 1.534131
201 1.541128
202 1.548125
203 1.556872
204 1.563869
205 1.572616
206 1.579613
207 1.586610
208 1.595356
209 1.602354
210 1.609351
211 1.618097
212 1.625094
213 1.632092
214 1.640838
215 1.647835
216 1.656582
217 1.663579
218 1.670576
219 1.679323
220 1.686320
221 1.693317
222 1.702063
223 1.709061
224 1.717807
225 1.724804
226 1.731801
227 1.740548
228 1.747545
229 1.754542
230 1.763289
231 1.770286
232 1.779032
233 1.786029
234 1.793027
235 1.801773
236 1.808770
237 1.815768
238 1.824514
239 1.831511
240 1.840258
241 1.847255
242 1.854252
243 1.862998
244 1.869996
245 1.876993
246 1.885739
247 1.892736
248 1.901483
249 1.908480
250 1.915477
251 1.924224
252 1.931221
253 1.938218
254 1.946965
255 1.953962
256 1.962708
257 1.969705
258 1.976703
259 1.985449
260 1.992446
261 1.999443
262 2.008190
263 2.015187
264 2.023934
265 2.030931
266 2.037928
267 2.046674
268 2.053672
269 2.060669
270 2.069415
271 2.076412
272 2.085159
273 2.092156
274 2.099153
275 2.107900
276 2.114897
277 2.121894
278 2.130640
279 2.137638
280 2.146384
281 2.153381
282 2.160378
283 2.169125
284 2.176122
285 2.183119
286 2.191866
287 2.198863
288 2.207609
289 2.214607
290 2.221604
291 2.230350
292 2.237347
293 2.244345
294 2.253091
295 2.260088
296 2.268835
297 2.275832
298 2.282829
299 2.291576
300 2.298573
301 2.305570
302 2.314316
303 2.321314
304 2.330060
305 2.337057
306 2.344054
307 2.352801
308 2.359798
309 2.366795
310 2.375542
311 2.382539
312 2.391285
313 2.398283
314 2.405280
315 2.414026
316 2.421023
317 2.428021
318 2.435018
319 2.443764
320 2.450761
321 2.457759
322 2.466505
323 2.473502
324 2.480499
325 2.487497
326 2.494494
327 2.503240
328 2.510237
329 2.517235
330 2.524232
331 2.531229
332 2.538226
333 2.545223
334 2.552220
335 2.559218
336 2.566215
337 2.573212
338 2.580209
339 2.587206
340 2.594203
341 2.599451
342 2.606449
343 2.613446
344 2.620443
345 2.627440
346 2.632688
347 2.639685
348 2.646682
349 2.651930
350 2.658927
351 2.665925
352 2.671172
353 2.678170
354 2.683417
355 2.690415
356 2.695663
357 2.700910
358 2.707908
359 2.713155
360 2.718403
361 2.725401
362 2.730648
363 2.735896
364 2.741144
365 2.748141
366 2.753389
367 2.758637
368 2.763885
369 2.769133
370 2.774381
371 2.779629
372 2.784877
373 2.790124
374 2.795372
375 2.800620
376 2.805868
377 2.809367
378 2.814615
379 2.819862
380 2.825110
381 2.828609
382 2.833857
383 2.839105
384 2.842603
385 2.847851
386 2.851350
387 2.856598
388 2.860096
389 2.865344
390 2.868843
391 2.872341
392 2.877589
393 2.881088
394 2.884586
395 2.888085
396 2.893333
397 2.896831
398 2.900330
399 2.903829
400 2.907327
401 2.910826
402 2.914324
403 2.917823
404 2.921322
405 2.924820
406 2.928319
407 2.931817
408 2.935316
409 2.938814
410 2.942313
411 2.945812
412 2.947561
413 2.951060
414 2.954558
415 2.956307
416 2.959806
417 2.963305
418 2.965054
419 2.968552
420 2.970302
421 2.973800
422 2.975550
423 2.979048
424 2.980798
425 2.984296
426 2.986045
427 2.989544
428 2.991293
429 2.993043
430 2.996541
431 2.998290
432 3.000040
433 3.003538
434 3.005288
435 3.007037
436 3.008786
437 3.012285
438 3.014034
439 3.015783
440 3.017533
441 3.019282
442 3.021031
443 3.022781
444 3.026279
445 3.028028
446 3.029778
447 3.031527
448 3.033276
449 3.035026
450 3.035026
451 3.036775
452 3.038524
453 3.040274
454 3.042023
455 3.043772
456 3.045521
457 3.047271
458 3.049020
459 3.050769
460 3.050769
461 3.052519
462 3.054268
463 3.056017
464 3.056017
465 3.057766
466 3.059516
467 3.061265
468 3.061265
469 3.063014
470 3.064764
471 3.064764
472 3.066513
473 3.068262
474 3.068262
475 3.070012
476 3.071761
477 3.071761
478 3.073510
479 3.073510
480 3.075259
481 3.077009
482 3.077009
483 3.078758
484 3.078758
485 3.080507
486 3.080507
487 3.082257
488 3.082257
489 3.084006
490 3.084006
491 3.085755
492 3.085755
493 3.087504
494 3.087504
495 3.087504
496 3.089254
497 3.089254
498 3.091003
499 3.091003
500 3.092752
501 3.092752
502 3.092752
503 3.094502
504 3.094502
505 3.096251
506 3.096251
507 3.096251
508 3.098000
509 3.098000
510 3.098000
511 3.099750
512 3.099750
513 3.099750
514 3.101499
515 3.101499
516 3.101499
517 3.103248
518 3.103248
519 3.103248
520 3.103248
521 3.104997
522 3.104997
523 3.104997
524 3.106747
525 3.106747
526 3.106747
527 3.106747
528 3.108496
529 3.108496
530 3.108496
531 3.108496
532 3.110245
533 3.110245
534 3.110245
535 3.110245
536 3.110245
537 3.110245
538 3.111995
539 3.111995
540 3.111995
541 3.111995
542 3.111995
543 3.113744
544 3.113744
545 3.113744
546 3.113744
547 3.113744
548 3.115493
549 3.115493
550 3.115493
551 3.115493
552 3.115493
553 3.117242
554 3.117242
555 3.117242
556 3.117242
557 3.117242
558 3.117242
559 3.118992
560 3.118992
561 3.118992
562 3.118992
563 3.118992
564 3.118992
565 3.120741
566 3.120741
567 3.120741
568 3.120741
569 3.120741
570 3.120741
571 3.120741
572 3.120741
573 3.120741
574 3.120741
575 3.120741
576 3.120741
577 3.120741
578 3.120741
579 3.120741
580 3.120741
581 3.120741
582 3.120741
583 3.120741
584 3.120741
585 3.120741
586 3.120741
587 3.120741
588 3.120741
589 3.120741
590 3.120741
591 3.120741
592 3.120741
593 3.120741
594 3.120741
595 3.120741
596 3.120741
597 3.120741
598 3.120741
599 3.120741
600 3.120741
601 3.120741
602 3.120741
603 3.118992
604 3.118992
605 3.118992
606 3.118992
607 3.118992
608 3.118992
609 3.118992
610 3.118992
611 3.118992
612 3.118992
613 3.118992
614 3.118992
615 3.118992
616 3.118992
617 3.118992
618 3.118992
619 3.117242
620 3.117242
621 3.117242
622 3.117242
623 3.117242
624 3.117242
625 3.117242
626 3.117242
627 3.117242
628 3.117242
629 3.117242
630 3.117242
631 3.117242
632 3.117242
633 3.117242
634 3.117242
635 3.117242
636 3.117242
637 3.117242
638 3.117242
639 3.117242
640 3.117242
641 3.117242
642 3.117242
643 3.118992
644 3.118992
645 3.118992
646 3.118992
647 3.118992
648 3.118992
649 3.118992
650 3.118992
651 3.118992
652 3.118992
653 3.118992
654 3.118992
655 3.118992
656 3.118992
657 3.118992
658 3.118992
659 3.118992
660 3.118992
661 3.118992
662 3.118992
663 3.118992
664 3.118992
665 3.118992
666 3.118992
667 3.118992
668 3.118992
669 3.118992
670 3.118992
671 3.118992
672 3.118992
673 3.118992
674 3.118992
675 3.118992
676 3.118992
677 3.118992
678 3.118992
679 3.118992
680 3.118992
681 3.118992
682 3.118992
683 3.118992
684 3.118992
685 3.118992
686 3.118992
687 3.118992
688 3.118992
689 3.118992
690 3.118992
691 3.118992
692 3.118992
693 3.118992
694 3.118992
695 3.118992
696 3.118992
697 3.118992
698 3.118992
699 3.118992
700 3.118992
701 3.118992
702 3.118992
703 3.118992
704 3.118992
705 3.118992
706 3.118992
707 3.118992
708 3.118992
709 3.118992
710 3.118992
711 3.118992
712 3.118992
713 3.118992
714 3.118992
715 3.118992
716 3.118992
717 3.118992
718 3.118992
719 3.118992
720 3.118992
721 3.118992
722 3.118992
723 3.118992
724 3.118992
725 3.118992
726 3.118992
727 3.118992
728 3.118992
729 3.118992
730 3.118992
731 3.118992
732 3.118992
733 3.118992
734 3.118992
735 3.118992
736 3.118992
737 3.118992
738 3.118992
739 3.118992
740 3.118992
741 3.118992
742 3.118992
743 3.118992
744 3.118992
745 3.118992
746 3.118992
747 3.118992
748 3.118992
749 3.118992
750 3.118992
751 3.118992
752 3.118992
753 3.118992
754 3.118992
755 3.118992
756 3.118992
757 3.118992
758 3.118992
759 3.118992
760 3.118992
761 3.118992
762 3.118992
763 3.118992
764 3.118992
765 3.118992
766 3.118992
767 3.118992
768 3.118992
769 3.118992
770 3.118992
771 3.118992
772 3.118992
773 3.118992
774 3.118992
775 3.118992
776 3.118992
777 3.118992
778 3.118992
779 3.118992
780 3.118992
781 3.118992
782 3.118992
783 3.118992
784 3.118992
785 3.118992
786 3.118992
787 3.118992
788 3.118992
789 3.118992
790 3.118992
791 3.118992
792 3.118992
793 3.118992
794 3.118992
795 3.118992
796 3.118992
797 3.118992
798 3.118992
799 3.118992
800 3.118992
801 3.118992
802 3.118992
803 3.118992
804 3.118992
805 3.118992
806 3.118992
807 3.118992
808 3.118992
809 3.118992
810 3.118992
811 3.118992
812 3.118992
813 3.118992
814 3.118992
815 3.118992
816 3.118992
817 3.118992
818 3.118992
819 3.118992
820 3.118992
821 3.118992
822 3.118992
823 3.118992
824 3.118992
825 3.118992
826 3.118992
827 3.118992
828 3.118992
829 3.118992
830 3.118992
831 3.118992
832 3.118992
833 3.118992
834 3.118992
835 3.118992
836 3.118992
837 3.118992
838 3.118992
839 3.118992
840 3.118992
841 3.118992
842 3.118992
843 3.118992
844 3.118992
845 3.118992
846 3.118992
847 3.118992
848 3.118992
849 3.118992
850 3.118992
851 3.118992
852 3.118992
853 3.118992
854 3.118992
855 3.118992
856 3.118992
857 3.118992
858 3.118992
859 3.118992
860 3.118992
861 3.118992
862 3.118992
863 3.118992
864 3.118992
865 3.118992
866 3.118992
867 3.118992
868 3.118992
869 3.118992
870 3.118992
871 3.118992
872 3.118992
873 3.118992
874 3.118992
875 3.118992
876 3.118992
877 3.118992
878 3.118992
879 3.118992
880 3.118992
881 3.118992
882 3.118992
883 3.118992
884 3.118992
885 3.118992
886 3.118992
887 3.118992
888 3.118992
889 3.118992
890 3.118992
891 3.118992
892 3.118992
893 3.118992
894 3.118992
895 3.118992
896 3.118992
897 3.118992
898 3.118992
899 3.118992
900 3.118992
901 3.118992
902 3.118992
903 3.118992
904 3.118992
905 3.118992
906 3.118992
907 3.118992
908 3.118992
909 3.118992
910 3.118992
911 3.118992
912 3.118992
913 3.118992
914 3.118992
915 3.118992
916 3.118992
917 3.118992
918 3.118992
919 3.118992
920 3.118992
921 3.118992
922 3.118992
923 3.118992
924 3.118992
925 3.118992
926 3.118992
927 3.118992
928 3.118992
929 3.118992
930 3.118992
931 3.118992
932 3.118992
933 3.118992
934 3.118992
935 3.118992
936 3.118992
937 3.118992
938 3.118992
939 3.118992
940 3.118992
941 3.118992
942 3.118992
943 3.118992
944 3.118992
945 3.118992
946 3.118992
947 3.118992
948 3.118992
949 3.118992
950 3.118992
951 3.118992
952 3.118992
953 3.118992
954 3.118992
955 3.118992
956 3.118992
957 3.118992
958 3.118992
959 3.118992
960 3.118992
961 3.118992
962 3.118992
963 3.118992
964 3.118992
965 3.118992
966 3.118992
967 3.118992
968 3.118992
969 3.118992
970 3.118992
971 3.118992
972 3.118992
973 3.118992
974 3.118992
975 3.118992
976 3.118992
977 3.118992
978 3.118992
979 3.118992
980 3.118992
981 3.118992
982 3.118992
983 3.118992
984 3.118992
985 3.118992
986 3.118992
987 3.118992
988 3.118992
989 3.118992
990 3.118992
991 3.118992
992 3.118992
993 3.118992
994 3.118992
995 3.118992
996 3.118992
997 3.118992
998 3.118992
999 3.118992
1000 3.118992
1001 3.118992
1002 3.118992
1003 3.118992
1004 3.118992
1005 3.118992
1006 3.118992
1007 3.118992
1008 3.118992
1009 3.118992
1010 3.118992
1011 3.118992
1012 3.118992
1013 3.118992
1014 3.118992
1015 3.118992
1016 3.118992
1017 3.118992
1018 3.118992
1019 3.118992
1020 3.118992
1021 3.118992
1022 3.118992
1023 3.118992
1024 3.118992
1025 3.118992
1026 3.118992
1027 3.118992
1028 3.118992
1029 3.118992
1030 3.118992
1031 3.118992
1032 3.118992
1033 3.118992
1034 3.118992
1035 3.118992
1036 3.118992
1037 3.118992
1038 3.118992
1039 3.118992
1040 3.118992
1041 3.118992
1042 3.118992
1043 3.118992
1044 3.118992
1045 3.118992
1046 3.118992
1047 3.118992
1048 3.118992
1049 3.118992
1050 3.118992
1051 3.118992
1052 3.118992
1053 3.118992
1054 3.118992
1055 3.118992
1056 3.118992
1057 3.118992
1058 3.118992
1059 3.118992
1060 3.118992
1061 3.118992
1062 3.118992
1063 3.118992
1064 3.118992
1065 3.118992
1066 3.118992
1067 3.118992
1068 3.118992
1069 3.118992
1070 3.118992
1071 3.118992
1072 3.118992
1073 3.118992
1074 3.118992
1075 3.118992
1076 3.118992
1077 3.118992
1078 3.118992
1079 3.118992
1080 3.118992
1081 3.118992
1082 3.118992
1083 3.118992
1084 3.118992
1085 3.118992
1086 3.118992
1087 3.118992
1088 3.118992
1089 3.118992
1090 3.118992
1091 3.118992
1092 3.118992
1093 3.118992
1094 3.118992
1095 3.118992
1096 3.118992
1097 3.118992
1098 3.118992
1099 3.118992
1100 3.118992
1101 3.118992
1102 3.118992
1103 3.118992
1104 3.118992
1105 3.118992
1106 3.118992
1107 3.118992
1108 3.118992
1109 3.118992
1110 3.118992
1111 3.118992
1112 3.118992
1113 3.118992
1114 3.118992
1115 3.118992
1116 3.118992
1117 3.118992
1118 3.118992
1119 3.118992
1120 3.118992
1121 3.118992
1122 3.118992
1123 3.118992
1124 3.118992
1125 3.118992
1126 3.118992
1127 3.118992
1128 3.118992
1129 3.118992
1130 3.118992
1131 3.118992
1132 3.118992
1133 3.118992
1134 3.118992
1135 3.118992
1136 3.118992
1137 3.118992
1138 3.118992
1139 3.118992
1140 3.118992
1141 3.118992
1142 3.118992
1143 3.118992
1144 3.118992
1145 3.118992
1146 3.118992
1147 3.118992
1148 3.118992
1149 3.118992
1150 3.118992
1151 3.118992
1152 3.118992
1153 3.118992
1154 3.118992
1155 3.118992
1156 3.118992
1157 3.118992
1158 3.118992
1159 3.118992
1160 3.118992
1161 3.118992
1162 3.118992
1163 3.118992
1164 3.118992
1165 3.118992
1166 3.118992
1167 3.118992
1168 3.118992
1169 3.118992
1170 3.118992
1171 3.118992
1172 3.118992
1173 3.118992
1174 3.118992
1175 3.118992
1176 3.118992
1177 3.118992
1178 3.118992
1179 3.118992
1180 3.118992
1181 3.118992
1182 3.118992
1183 3.118992
1184 3.118992
1185 3.118992
1186 3.118992
1187 3.118992
1188 3.118992
1189 3.118992
1190 3.118992
1191 3.118992
1192 3.118992
1193 3.118992
1194 3.118992
1195 3.118992
1196 3.118992
1197 3.118992
1198 3.118992
1199 3.118992
1200 3.118992
1201 3.118992
1202 3.118992
1203 3.118992
1204 3.118992
1205 3.118992
1206 3.118992
1207 3.118992
1208 3.118992
1209 3.118992
1210 3.118992
1211 3.118992
1212 3.118992
1213 3.118992
1214 3.118992
1215 3.118992
1216 3.118992
1217 3.118992
1218 3.118992
1219 3.118992
1220 3.118992
1221 3.118992
1222 3.118992
1223 3.118992
1224 3.118992
1225 3.118992
1226 3.118992
1227 3.118992
1228 3.118992
1229 3.118992
1230 3.118992
1231 3.118992
1232 3.118992
1233 3.118992
1234 3.118992
1235 3.118992
1236 3.118992
1237 3.118992
1238 3.118992
1239 3.118992
1240 3.118992
1241 3.118992
1242 3.118992
1243 3.118992
1244 3.118992
1245 3.118992
1246 3.118992
1247 3.118992
1248 3.118992
1249 3.118992
1250 3.118992
1251 3.118992
1252 3.118992
1253 3.118992
1254 3.118992
1255 3.118992
1256 3.118992
1257 3.118992
1258 3.118992
1259 3.118992
1260 3.118992
1261 3.118992
1262 3.118992
1263 3.118992
1264 3.118992
1265 3.118992
1266 3.118992
1267 3.118992
1268 3.118992
1269 3.118992
1270 3.118992
1271 3.118992
1272 3.118992
1273 3.118992
1274 3.118992
1275 3.118992
1276 3.118992
1277 3.118992
1278 3.118992
1279 3.118992
1280 3.118992
1281 3.118992
1282 3.118992
1283 3.118992
1284 3.118992
1285 3.118992
1286 3.118992
1287 3.118992
1288 3.118992
1289 3.118992
1290 3.118992
1291 3.118992
1292 3.118992
1293 3.118992
1294 3.118992
1295 3.118992
1296 3.118992
1297 3.118992
1298 3.118992
1299 3.118992
1300 3.118992
1301 3.118992
1302 3.118992
1303 3.118992
1304 3.118992
1305 3.118992
1306 3.118992
1307 3.118992
1308 3.118992
1309 3.118992
1310 3.118992
1311 3.118992
1312 3.118992
1313 3.118992
1314 3.118992
1315 3.118992
1316 3.118992
1317 3.118992
1318 3.118992
1319 3.118992
1320 3.118992
1321 3.118992
1322 3.118992
1323 3.118992
1324 3.118992
1325 3.118992
1326 3.118992
1327 3.118992
1328 3.118992
1329 3.118992
1330 3.118992
1331 3.118992
1332 3.118992
1333 3.118992
1334 3.118992
1335 3.118992
1336 3.118992
1337 3.118992
1338 3.118992
1339 3.118992
1340 3.118992
1341 3.118992
1342 3.118992
1343 3.118992
1344 3.118992
1345 3.118992
1346 3.118992
1347 3.118992
1348 3.118992
1349 3.118992
1350 3.118992
1351 3.118992
1352 3.118992
1353 3.118992
1354 3.118992
1355 3.118992
1356 3.118992
1357 3.118992
1358 3.118992
1359 3.118992
1360 3.118992
1361 3.118992
1362 3.118992
1363 3.118992
1364 3.118992
1365 3.118992
1366 3.118992
1367 3.118992
1368 3.118992
1369 3.118992
1370 3.118992
1371 3.118992
1372 3.118992
1373 3.118992
1374 3.118992
1375 3.118992
1376 3.118992
1377 3.118992
1378 3.118992
1379 3.118992
1380 3.118992
1381 3.118992
1382 3.118992
1383 3.118992
1384 3.118992
1385 3.118992
1386 3.118992
1387 3.118992
1388 3.118992
1389 3.118992
1390 3.118992
1391 3.118992
1392 3.118992
1393 3.118992
1394 3.118992
1395 3.118992
1396 3.118992
1397 3.118992
1398 3.118992
1399 3.118992
1400 3.118992
1401 3.118992
1402 3.118992
1403 3.118992
1404 3.118992
1405 3.118992
1406 3.118992
1407 3.118992
1408 3.118992
1409 3.118992
1410 3.118992
1411 3.118992
1412 3.118992
1413 3.118992
1414 3.118992
1415 3.118992
1416 3.118992
1417 3.118992
1418 3.118992
1419 3.118992
1420 3.118992
1421 3.118992
1422 3.118992
1423 3.118992
1424 3.118992
1425 3.118992
1426 3.118992
1427 3.118992
1428 3.118992
1429 3.118992
1430 3.118992
1431 3.118992
1432 3.118992
1433 3.118992
1434 3.118992
1435 3.118992
1436 3.118992
1437 3.118992
1438 3.118992
1439 3.118992
1440 3.118992
1441 3.118992
1442 3.118992
1443 3.118992
1444 3.118992
1445 3.118992
1446 3.118992
1447 3.118992
1448 3.118992
1449 3.118992
1450 3.118992
1451 3.118992
1452 3.118992
1453 3.118992
1454 3.118992
1455 3.118992
1456 3.118992
1457 3.118992
1458 3.118992
1459 3.118992
1460 3.118992
1461 3.118992
1462 3.118992
1463 3.118992
1464 3.118992
1465 3.118992
1466 3.118992
1467 3.118992
1468 3.118992
1469 3.118992
1470 3.118992
1471 3.118992
1472 3.118992
1473 3.118992
1474 3.118992
1475 3.118992
1476 3.118992
1477 3.118992
1478 3.118992
1479 3.118992
1480 3.118992
1481 3.118992
1482 3.118992
1483 3.118992
1484 3.118992
1485 3.118992
1486 3.118992
1487 3.118992
1488 3.118992
1489 3.118992
1490 3.118992
1491 3.118992
1492 3.118992
1493 3.118992
1494 3.118992
1495 3.118992
1496 3.118992
1497 3.118992
1498 3.118992
1499 3.118992
