0 0.010496
1 0.017493
2 0.024490
3 0.031487
4 0.038484
5 0.045482
6 0.054228
7 0.061225
8 0.068222
9 0.075220
10 0.082217
11 0.090963
12 0.097960
13 0.104958
14 0.111955
15 0.118952
16 0.127698
17 0.134696
18 0.141693
19 0.148690
20 0.157436
21 0.164434
22 0.171431
23 0.178428
24 0.187174
25 0.194172
26 0.201169
27 0.208166
28 0.216912
29 0.223910
30 0.230907
31 0.237904
32 0.246650
33 0.253648
34 0.260645
35 0.269391
36 0.276389
37 0.283386
38 0.290383
39 0.299129
40 0.306127
41 0.313124
42 0.321870
43 0.328867
44 0.335865
45 0.344611
46 0.351608
47 0.358605
48 0.367352
49 0.374349
50 0.381346
51 0.388343
52 0.397090
53 0.404087
54 0.411084
55 0.419831
56 0.426828
57 0.433825
58 0.442571
59 0.449569
60 0.456566
61 0.465312
62 0.472309
63 0.479307
64 0.488053
65 0.495050
66 0.503797
67 0.510794
68 0.517791
69 0.526538
70 0.533535
71 0.540532
72 0.549278
73 0.556276
74 0.563273
75 0.572019
76 0.579016
77 0.586014
78 0.594760
79 0.601757
80 0.608754
81 0.617501
82 0.624498
83 0.633245
84 0.640242
85 0.647239
86 0.655985
87 0.662983
88 0.669980
89 0.678726
90 0.685723
91 0.694470
92 0.701467
93 0.708464
94 0.717211
95 0.724208
96 0.731205
97 0.739951
98 0.746949
99 0.753946
100 0.762692
101 0.769690
102 0.778436
103 0.785433
104 0.792430
105 0.801177
106 0.808174
107 0.815171
108 0.823918
109 0.830915
110 0.839661
111 0.846658
112 0.853656
113 0.862402
114 0.869399
115 0.876396
116 0.885143
117 0.892140
118 0.900887
119 0.907884
120 0.914881
121 0.923627
122 0.930625
123 0.939371
124 0.946368
125 0.953365
126 0.962112
127 0.969109
128 0.976106
129 0.984853
130 0.991850
131 1.000596
132 1.007594
133 1.014591
134 1.023337
135 1.030334
136 1.037332
137 1.046078
138 1.053075
139 1.061822
140 1.068819
141 1.075816
142 1.084562
143 1.091560
144 1.098557
145 1.107303
146 1.114300
147 1.123047
148 1.130044
149 1.137041
150 1.145788
151 1.152785
152 1.159782
153 1.168529
154 1.175526
155 1.184272
156 1.191269
157 1.198267
158 1.207013
159 1.214010
160 1.222757
161 1.229754
162 1.236751
163 1.245498
164 1.252495
165 1.259492
166 1.268238
167 1.275236
168 1.283982
169 1.290979
170 1.297976
171 1.306723
172 1.313720
173 1.320717
174 1.329464
175 1.336461
176 1.345207
177 1.352205
178 1.359202
179 1.367948
180 1.374945
181 1.383692
182 1.390689
183 1.397686
184 1.406433
185 1.413430
186 1.422176
187 1.429173
188 1.436171
189 1.444917
190 1.451914
191 1.458911
192 1.467658
193 1.474655
194 1.481652
195 1.490399
196 1.497396
197 1.506142
198 1.513140
199 1.520137
200 1.528883
201 1.535880
202 1.544627
203 1.551624
204 1.558621
205 1.567368
206 1.574365
207 1.583111
208 1.590109
209 1.597106
210 1.605852
211 1.612849
212 1.619847
213 1.628593
214 1.635590
215 1.644337
216 1.651334
217 1.658331
218 1.667077
219 1.674075
220 1.681072
221 1.689818
222 1.696815
223 1.705562
224 1.712559
225 1.719556
226 1.728303
227 1.735300
228 1.744046
229 1.751044
230 1.758041
231 1.766787
232 1.773784
233 1.780782
234 1.789528
235 1.796525
236 1.805272
237 1.812269
238 1.819266
239 1.828013
240 1.835010
241 1.843756
242 1.850753
243 1.857751
244 1.866497
245 1.873494
246 1.880491
247 1.889238
248 1.896235
249 1.904982
250 1.911979
251 1.918976
252 1.927722
253 1.934720
254 1.941717
255 1.950463
256 1.957460
257 1.966207
258 1.973204
259 1.980201
260 1.988948
261 1.995945
262 2.004691
263 2.011688
264 2.018686
265 2.027432
266 2.034429
267 2.041426
268 2.050173
269 2.057170
270 2.065917
271 2.072914
272 2.079911
273 2.088657
274 2.095655
275 2.102652
276 2.111398
277 2.118395
278 2.127142
279 2.134139
280 2.141136
281 2.149883
282 2.156880
283 2.163877
284 2.172624
285 2.179621
286 2.188367
287 2.195364
288 2.202362
289 2.211108
290 2.218105
291 2.226852
292 2.233849
293 2.240846
294 2.249592
295 2.256590
296 2.263587
297 2.272333
298 2.279330
299 2.288077
300 2.295074
301 2.302071
302 2.310818
303 2.317815
304 2.324812
305 2.333559
306 2.340556
307 2.349302
308 2.356299
309 2.363297
310 2.372043
311 2.379040
312 2.387787
313 2.394784
314 2.401781
315 2.410528
316 2.417525
317 2.424522
318 2.433268
319 2.440266
320 2.449012
321 2.456009
322 2.463006
323 2.471753
324 2.478750
325 2.487497
326 2.494494
327 2.501491
328 2.510237
329 2.517235
330 2.524232
331 2.532978
332 2.539975
333 2.548722
334 2.555719
335 2.562716
336 2.571463
337 2.578460
338 2.585457
339 2.594203
340 2.601201
341 2.609947
342 2.616944
343 2.623941
344 2.632688
345 2.639685
346 2.648432
347 2.655429
348 2.662426
349 2.671172
350 2.678170
351 2.686916
352 2.693913
353 2.700910
354 2.709657
355 2.716654
356 2.723651
357 2.732398
358 2.739395
359 2.748141
360 2.755139
361 2.762136
362 2.770882
363 2.777879
364 2.786626
365 2.793623
366 2.800620
367 2.809367
368 2.816364
369 2.823361
370 2.830358
371 2.839105
372 2.846102
373 2.853099
374 2.860096
375 2.867093
376 2.874091
377 2.882837
378 2.889834
379 2.896831
380 2.903829
381 2.910826
382 2.916074
383 2.923071
384 2.930068
385 2.937065
386 2.944062
387 2.949310
388 2.956307
389 2.963305
390 2.968552
391 2.975550
392 2.980798
393 2.987795
394 2.993043
395 2.998290
396 3.005288
397 3.010536
398 3.015783
399 3.021031
400 3.026279
401 3.031527
402 3.036775
403 3.042023
404 3.047271
405 3.052519
406 3.057766
407 3.061265
408 3.066513
409 3.071761
410 3.075259
411 3.080507
412 3.084006
413 3.089254
414 3.092752
415 3.096251
416 3.099750
417 3.104997
418 3.108496
419 3.111995
420 3.115493
421 3.117242
422 3.120741
423 3.124240
424 3.127738
425 3.131237
426 3.132986
427 3.136485
428 3.138234
429 3.141733
430 3.143482
431 3.146980
432 3.148730
433 3.150479
434 3.152228
435 3.153978
436 3.157476
437 3.159226
438 3.160975
439 3.162724
440 3.164473
441 3.164473
442 3.166223
443 3.167972
444 3.169721
445 3.171471
446 3.171471
447 3.173220
448 3.173220
449 3.174969
450 3.176718
451 3.176718
452 3.178468
453 3.178468
454 3.178468
455 3.180217
456 3.180217
457 3.180217
458 3.180217
459 3.181966
460 3.181966
461 3.181966
462 3.181966
463 3.181966
464 3.183716
465 3.183716
466 3.183716
467 3.183716
468 3.183716
469 3.183716
470 3.183716
471 3.183716
472 3.181966
473 3.181966
474 3.181966
475 3.181966
476 3.181966
477 3.181966
478 3.180217
479 3.180217
480 3.180217
481 3.180217
482 3.180217
483 3.178468
484 3.178468
485 3.178468
486 3.178468
487 3.176718
488 3.176718
489 3.176718
490 3.176718
491 3.174969
492 3.174969
493 3.174969
494 3.174969
495 3.174969
496 3.173220
497 3.173220
498 3.173220
499 3.173220
500 3.171471
501 3.171471
502 3.171471
503 3.171471
504 3.169721
505 3.169721
506 3.169721
507 3.167972
508 3.167972
509 3.167972
510 3.167972
511 3.166223
512 3.166223
513 3.166223
514 3.166223
515 3.164473
516 3.164473
517 3.164473
518 3.164473
519 3.162724
520 3.162724
521 3.162724
522 3.162724
523 3.160975
524 3.160975
525 3.160975
526 3.160975
527 3.160975
528 3.159226
529 3.159226
530 3.159226
531 3.159226
532 3.159226
533 3.157476
534 3.157476
535 3.157476
536 3.157476
537 3.157476
538 3.157476
539 3.155727
540 3.155727
541 3.155727
542 3.155727
543 3.155727
544 3.155727
545 3.153978
546 3.153978
547 3.153978
548 3.153978
549 3.153978
550 3.152228
551 3.152228
552 3.152228
553 3.152228
554 3.152228
555 3.152228
556 3.150479
557 3.150479
558 3.150479
559 3.150479
560 3.150479
561 3.150479
562 3.150479
563 3.150479
564 3.150479
565 3.150479
566 3.148730
567 3.148730
568 3.148730
569 3.148730
570 3.148730
571 3.148730
572 3.148730
573 3.148730
574 3.148730
575 3.148730
576 3.148730
577 3.148730
578 3.148730
579 3.148730
580 3.148730
581 3.148730
582 3.150479
583 3.150479
584 3.150479
585 3.150479
586 3.150479
587 3.150479
588 3.150479
589 3.150479
590 3.150479
591 3.150479
592 3.150479
593 3.150479
594 3.150479
595 3.150479
596 3.150479
597 3.150479
598 3.150479
599 3.150479
600 3.150479
601 3.150479
602 3.152228
603 3.152228
604 3.152228
605 3.152228
606 3.152228
607 3.152228
608 3.152228
609 3.152228
610 3.152228
611 3.152228
612 3.152228
613 3.152228
614 3.152228
615 3.152228
616 3.152228
617 3.152228
618 3.152228
619 3.152228
620 3.152228
621 3.152228
622 3.152228
623 3.152228
624 3.152228
625 3.152228
626 3.152228
627 3.152228
628 3.152228
629 3.152228
630 3.152228
631 3.152228
632 3.152228
633 3.152228
634 3.152228
635 3.152228
636 3.152228
637 3.152228
638 3.152228
639 3.152228
640 3.152228
641 3.152228
642 3.152228
643 3.152228
644 3.152228
645 3.152228
646 3.152228
647 3.152228
648 3.152228
649 3.152228
650 3.152228
651 3.152228
652 3.152228
653 3.152228
654 3.152228
655 3.152228
656 3.152228
657 3.152228
658 3.152228
659 3.152228
660 3.152228
661 3.152228
662 3.152228
663 3.152228
664 3.152228
665 3.152228
666 3.152228
667 3.152228
668 3.152228
669 3.152228
670 3.152228
671 3.152228
672 3.152228
673 3.152228
674 3.152228
675 3.152228
676 3.152228
677 3.152228
678 3.152228
679 3.152228
680 3.152228
681 3.152228
682 3.152228
683 3.152228
684 3.152228
685 3.152228
686 3.152228
687 3.152228
688 3.152228
689 3.152228
690 3.152228
691 3.152228
692 3.152228
693 3.152228
694 3.152228
695 3.152228
696 3.152228
697 3.152228
698 3.152228
699 3.152228
700 3.152228
701 3.152228
702 3.152228
703 3.152228
704 3.152228
705 3.152228
706 3.152228
707 3.152228
708 3.152228
709 3.152228
710 3.152228
711 3.152228
712 3.152228
713 3.152228
714 3.152228
715 3.152228
716 3.152228
717 3.152228
718 3.152228
719 3.152228
720 3.152228
721 3.152228
722 3.152228
723 3.152228
724 3.152228
725 3.152228
726 3.152228
727 3.152228
728 3.152228
729 3.152228
730 3.152228
731 3.152228
732 3.152228
733 3.152228
734 3.152228
735 3.152228
736 3.152228
737 3.152228
738 3.152228
739 3.152228
740 3.152228
741 3.152228
742 3.152228
743 3.152228
744 3.152228
745 3.152228
746 3.152228
747 3.152228
748 3.152228
749 3.152228
750 3.152228
751 3.152228
752 3.152228
753 3.152228
754 3.152228
755 3.152228
756 3.152228
757 3.152228
758 3.152228
759 3.152228
760 3.152228
761 3.152228
762 3.152228
763 3.152228
764 3.152228
765 3.152228
766 3.152228
767 3.152228
768 3.152228
769 3.152228
770 3.152228
771 3.152228
772 3.152228
773 3.152228
774 3.152228
775 3.152228
776 3.152228
777 3.152228
778 3.152228
779 3.152228
780 3.152228
781 3.152228
782 3.152228
783 3.152228
784 3.152228
785 3.152228
786 3.152228
787 3.152228
788 3.152228
789 3.152228
790 3.152228
791 3.152228
792 3.152228
793 3.152228
794 3.152228
795 3.152228
796 3.152228
797 3.152228
798 3.152228
799 3.152228
800 3.152228
801 3.152228
802 3.152228
803 3.152228
804 3.152228
805 3.152228
806 3.152228
807 3.152228
808 3.152228
809 3.152228
810 3.152228
811 3.152228
812 3.152228
813 3.152228
814 3.152228
815 3.152228
816 3.152228
817 3.152228
818 3.152228
819 3.152228
820 3.152228
821 3.152228
822 3.152228
823 3.152228
824 3.152228
825 3.152228
826 3.152228
827 3.152228
828 3.152228
829 3.152228
830 3.152228
831 3.152228
832 3.152228
833 3.152228
834 3.152228
835 3.152228
836 3.152228
837 3.152228
838 3.152228
839 3.152228
840 3.152228
841 3.152228
842 3.152228
843 3.152228
844 3.152228
845 3.152228
846 3.152228
847 3.152228
848 3.152228
849 3.152228
850 3.152228
851 3.152228
852 3.152228
853 3.152228
854 3.152228
855 3.152228
856 3.152228
857 3.152228
858 3.152228
859 3.152228
860 3.152228
861 3.152228
862 3.152228
863 3.152228
864 3.152228
865 3.152228
866 3.152228
867 3.152228
868 3.152228
869 3.152228
870 3.152228
871 3.152228
872 3.152228
873 3.152228
874 3.152228
875 3.152228
876 3.152228
877 3.152228
878 3.152228
879 3.152228
880 3.152228
881 3.152228
882 3.152228
883 3.152228
884 3.152228
885 3.152228
886 3.152228
887 3.152228
888 3.152228
889 3.152228
890 3.152228
891 3.152228
892 3.152228
893 3.152228
894 3.152228
895 3.152228
896 3.152228
897 3.152228
898 3.152228
899 3.152228
900 3.152228
901 3.152228
902 3.152228
903 3.152228
904 3.152228
905 3.152228
906 3.152228
907 3.152228
908 3.152228
909 3.152228
910 3.152228
911 3.152228
912 3.152228
913 3.152228
914 3.152228
915 3.152228
916 3.152228
917 3.152228
918 3.152228
919 3.152228
920 3.152228
921 3.152228
922 3.152228
923 3.152228
924 3.152228
925 3.152228
926 3.152228
927 3.152228
928 3.152228
929 3.152228
930 3.152228
931 3.152228
932 3.152228
933 3.152228
934 3.152228
935 3.152228
936 3.152228
937 3.152228
938 3.152228
939 3.152228
940 3.152228
941 3.152228
942 3.152228
943 3.152228
944 3.152228
945 3.152228
946 3.152228
947 3.152228
948 3.152228
949 3.152228
950 3.152228
951 3.152228
952 3.152228
953 3.152228
954 3.152228
955 3.152228
956 3.152228
957 3.152228
958 3.152228
959 3.152228
960 3.152228
961 3.152228
962 3.152228
963 3.152228
964 3.152228
965 3.152228
966 3.152228
967 3.152228
968 3.152228
969 3.152228
970 3.152228
971 3.152228
972 3.152228
973 3.152228
974 3.152228
975 3.152228
976 3.152228
977 3.152228
978 3.152228
979 3.152228
980 3.152228
981 3.152228
982 3.152228
983 3.152228
984 3.152228
985 3.152228
986 3.152228
987 3.152228
988 3.152228
989 3.152228
990 3.152228
991 3.152228
992 3.152228
993 3.152228
994 3.152228
995 3.152228
996 3.152228
997 3.152228
998 3.152228
999 3.152228
1000 3.152228
1001 3.152228
1002 3.152228
1003 3.152228
1004 3.152228
1005 3.152228
1006 3.152228
1007 3.152228
1008 3.152228
1009 3.152228
1010 3.152228
1011 3.152228
1012 3.152228
1013 3.152228
1014 3.152228
1015 3.152228
1016 3.152228
1017 3.152228
1018 3.152228
1019 3.152228
1020 3.152228
1021 3.152228
1022 3.152228
1023 3.152228
1024 3.152228
1025 3.152228
1026 3.152228
1027 3.152228
1028 3.152228
1029 3.152228
1030 3.152228
1031 3.152228
1032 3.152228
1033 3.152228
1034 3.152228
1035 3.152228
1036 3.152228
1037 3.152228
1038 3.152228
1039 3.152228
1040 3.152228
1041 3.152228
1042 3.152228
1043 3.152228
1044 3.152228
1045 3.152228
1046 3.152228
1047 3.152228
1048 3.152228
1049 3.152228
1050 3.152228
1051 3.152228
1052 3.152228
1053 3.152228
1054 3.152228
1055 3.152228
1056 3.152228
1057 3.152228
1058 3.152228
1059 3.152228
1060 3.152228
1061 3.152228
1062 3.152228
1063 3.152228
1064 3.152228
1065 3.152228
1066 3.152228
1067 3.152228
1068 3.152228
1069 3.152228
1070 3.152228
1071 3.152228
1072 3.152228
1073 3.152228
1074 3.152228
1075 3.152228
1076 3.152228
1077 3.152228
1078 3.152228
1079 3.152228
1080 3.152228
1081 3.152228
1082 3.152228
1083 3.152228
1084 3.152228
1085 3.152228
1086 3.152228
1087 3.152228
1088 3.152228
1089 3.152228
1090 3.152228
1091 3.152228
1092 3.152228
1093 3.152228
1094 3.152228
1095 3.152228
1096 3.152228
1097 3.152228
1098 3.152228
1099 3.152228
1100 3.152228
1101 3.152228
1102 3.152228
1103 3.152228
1104 3.152228
1105 3.152228
1106 3.152228
1107 3.152228
1108 3.152228
1109 3.152228
1110 3.152228
1111 3.152228
1112 3.152228
1113 3.152228
1114 3.152228
1115 3.152228
1116 3.152228
1117 3.152228
1118 3.152228
1119 3.152228
1120 3.152228
1121 3.152228
1122 3.152228
1123 3.152228
1124 3.152228
1125 3.152228
1126 3.152228
1127 3.152228
1128 3.152228
1129 3.152228
1130 3.152228
1131 3.152228
1132 3.152228
1133 3.152228
1134 3.152228
1135 3.152228
1136 3.152228
1137 3.152228
1138 3.152228
1139 3.152228
1140 3.152228
1141 3.152228
1142 3.152228
1143 3.152228
1144 3.152228
1145 3.152228
1146 3.152228
1147 3.152228
1148 3.152228
1149 3.152228
1150 3.152228
1151 3.152228
1152 3.152228
1153 3.152228
1154 3.152228
1155 3.152228
1156 3.152228
1157 3.152228
1158 3.152228
1159 3.152228
1160 3.152228
1161 3.152228
1162 3.152228
1163 3.152228
1164 3.152228
1165 3.152228
1166 3.152228
1167 3.152228
1168 3.152228
1169 3.152228
1170 3.152228
1171 3.152228
1172 3.152228
1173 3.152228
1174 3.152228
1175 3.152228
1176 3.152228
1177 3.152228
1178 3.152228
1179 3.152228
1180 3.152228
1181 3.152228
1182 3.152228
1183 3.152228
1184 3.152228
1185 3.152228
1186 3.152228
1187 3.152228
1188 3.152228
1189 3.152228
1190 3.152228
1191 3.152228
1192 3.152228
1193 3.152228
1194 3.152228
1195 3.152228
1196 3.152228
1197 3.152228
1198 3.152228
1199 3.152228
1200 3.152228
1201 3.152228
1202 3.152228
1203 3.152228
1204 3.152228
1205 3.152228
1206 3.152228
1207 3.152228
1208 3.152228
1209 3.152228
1210 3.152228
1211 3.152228
1212 3.152228
1213 3.152228
1214 3.152228
1215 3.152228
1216 3.152228
1217 3.152228
1218 3.152228
1219 3.152228
1220 3.152228
1221 3.152228
1222 3.152228
1223 3.152228
1224 3.152228
1225 3.152228
1226 3.152228
1227 3.152228
1228 3.152228
1229 3.152228
1230 3.152228
1231 3.152228
1232 3.152228
1233 3.152228
1234 3.152228
1235 3.152228
1236 3.152228
1237 3.152228
1238 3.152228
1239 3.152228
1240 3.152228
1241 3.152228
1242 3.152228
1243 3.152228
1244 3.152228
1245 3.152228
1246 3.152228
1247 3.152228
1248 3.152228
1249 3.152228
1250 3.152228
1251 3.152228
1252 3.152228
1253 3.152228
1254 3.152228
1255 3.152228
1256 3.152228
1257 3.152228
1258 3.152228
1259 3.152228
1260 3.152228
1261 3.152228
1262 3.152228
1263 3.152228
1264 3.152228
1265 3.152228
1266 3.152228
1267 3.152228
1268 3.152228
1269 3.152228
1270 3.152228
1271 3.152228
1272 3.152228
1273 3.152228
1274 3.152228
1275 3.152228
1276 3.152228
1277 3.152228
1278 3.152228
1279 3.152228
1280 3.152228
1281 3.152228
1282 3.152228
1283 3.152228
1284 3.152228
1285 3.152228
1286 3.152228
1287 3.152228
1288 3.152228
1289 3.152228
1290 3.152228
1291 3.152228
1292 3.152228
1293 3.152228
1294 3.152228
1295 3.152228
1296 3.152228
1297 3.152228
1298 3.152228
1299 3.152228
1300 3.152228
1301 3.152228
1302 3.152228
1303 3.152228
1304 3.152228
1305 3.152228
1306 3.152228
1307 3.152228
1308 3.152228
1309 3.152228
1310 3.152228
1311 3.152228
1312 3.152228
1313 3.152228
1314 3.152228
1315 3.152228
1316 3.152228
1317 3.152228
1318 3.152228
1319 3.152228
1320 3.152228
1321 3.152228
1322 3.152228
1323 3.152228
1324 3.152228
1325 3.152228
1326 3.152228
1327 3.152228
1328 3.152228
1329 3.152228
1330 3.152228
1331 3.152228
1332 3.152228
1333 3.152228
1334 3.152228
1335 3.152228
1336 3.152228
1337 3.152228
1338 3.152228
1339 3.152228
1340 3.152228
1341 3.152228
1342 3.152228
1343 3.152228
1344 3.152228
1345 3.152228
1346 3.152228
1347 3.152228
1348 3.152228
1349 3.152228
1350 3.152228
1351 3.152228
1352 3.152228
1353 3.152228
1354 3.152228
1355 3.152228
1356 3.152228
1357 3.152228
1358 3.152228
1359 3.152228
1360 3.152228
1361 3.152228
1362 3.152228
1363 3.152228
1364 3.152228
1365 3.152228
1366 3.152228
1367 3.152228
1368 3.152228
1369 3.152228
1370 3.152228
1371 3.152228
1372 3.152228
1373 3.152228
1374 3.152228
1375 3.152228
1376 3.152228
1377 3.152228
1378 3.152228
1379 3.152228
1380 3.152228
1381 3.152228
1382 3.152228
1383 3.152228
1384 3.152228
1385 3.152228
1386 3.152228
1387 3.152228
1388 3.152228
1389 3.152228
1390 3.152228
1391 3.152228
1392 3.152228
1393 3.152228
1394 3.152228
1395 3.152228
1396 3.152228
1397 3.152228
1398 3.152228
1399 3.152228
1400 3.152228
1401 3.152228
1402 3.152228
1403 3.152228
1404 3.152228
1405 3.152228
1406 3.152228
1407 3.152228
1408 3.152228
1409 3.152228
1410 3.152228
1411 3.152228
1412 3.152228
1413 3.152228
1414 3.152228
1415 3.152228
1416 3.152228
1417 3.152228
1418 3.152228
1419 3.152228
1420 3.152228
1421 3.152228
1422 3.152228
1423 3.152228
1424 3.152228
1425 3.152228
1426 3.152228
1427 3.152228
1428 3.152228
1429 3.152228
1430 3.152228
1431 3.152228
1432 3.152228
1433 3.152228
1434 3.152228
1435 3.152228
1436 3.152228
1437 3.152228
1438 3.152228
1439 3.152228
1440 3.152228
1441 3.152228
1442 3.152228
1443 3.152228
1444 3.152228
1445 3.152228
1446 3.152228
1447 3.152228
1448 3.152228
1449 3.152228
1450 3.152228
1451 3.152228
1452 3.152228
1453 3.152228
1454 3.152228
1455 3.152228
1456 3.152228
1457 3.152228
1458 3.152228
1459 3.152228
1460 3.152228
1461 3.152228
1462 3.152228
1463 3.152228
1464 3.152228
1465 3.152228
1466 3.152228
1467 3.152228
1468 3.152228
1469 3.152228
1470 3.152228
1471 3.152228
1472 3.152228
1473 3.152228
1474 3.152228
1475 3.152228
1476 3.152228
1477 3.152228
1478 3.152228
1479 3.152228
1480 3.152228
1481 3.152228
1482 3.152228
1483 3.152228
1484 3.152228
1485 3.152228
1486 3.152228
1487 3.152228
1488 3.152228
1489 3.152228
1490 3.152228
1491 3.152228
1492 3.152228
1493 3.152228
1494 3.152228
1495 3.152228
1496 3.152228
1497 3.152228
1498 3.152228
1499 3.152228
