0 0.000000
1 0.000000
2 0.000000
3 0.100000
4 0.400000
5 0.600000
6 1.200000
7 1.700000
8 2.500000
9 3.500000
10 4.400000
11 5.500000
12 6.700000
13 7.800000
14 9.000000
15 10.600000
16 12.000000
17 13.600000
18 15.300000
19 17.100000
20 19.000000
21 20.799999
22 22.799999
23 24.600000
24 26.799999
25 28.799999
26 31.100000
27 33.099998
28 35.400002
29 37.799999
30 40.099998
31 42.400002
32 44.799999
33 47.200001
34 50.000000
35 52.299999
36 55.000000
37 57.500000
38 60.200001
39 62.900002
40 65.400002
41 68.199997
42 71.000000
43 73.800003
44 76.500000
45 79.500000
46 82.300003
47 85.099998
48 88.000000
49 91.000000
50 93.900002
51 96.800003
52 99.800003
53 102.800003
54 105.900002
55 108.800003
56 111.900002
57 115.199997
58 118.400002
59 121.500000
60 124.500000
61 127.699997
62 130.699997
63 133.699997
64 136.899994
65 140.399994
66 143.500000
67 146.699997
68 149.699997
69 153.199997
70 156.500000
71 159.699997
72 162.699997
73 166.300003
74 169.500000
75 172.699997
76 176.100006
77 179.500000
78 182.699997
79 186.000000
80 189.300003
81 192.699997
82 196.100006
83 199.500000
84 202.699997
85 206.199997
86 209.600006
87 212.699997
88 216.300003
89 219.699997
90 223.199997
91 226.600006
92 229.899994
93 233.300003
94 236.699997
95 240.199997
96 243.600006
97 247.199997
98 250.600006
99 253.899994
100 257.500000
101 260.799988
102 264.299988
103 267.799988
104 271.200012
105 274.799988
106 278.200012
107 281.600006
108 285.200012
109 288.600006
110 292.200012
111 295.600006
112 299.200012
113 302.500000
114 306.200012
115 309.500000
116 313.200012
117 316.500000
118 320.200012
119 323.600006
120 327.200012
121 330.700012
122 334.200012
123 337.600006
124 341.200012
125 344.700012
126 348.200012
127 351.899994
128 355.200012
129 358.899994
130 362.500000
131 366.100006
132 369.500000
133 373.200012
134 376.500000
135 380.200012
136 383.600006
137 387.200012
138 390.899994
139 394.200012
140 397.899994
141 401.299988
142 405.000000
143 408.399994
144 412.100006
145 415.600006
146 419.100006
147 422.799988
148 426.200012
149 429.899994
150 433.299988
151 436.899994
152 440.500000
153 444.100006
154 447.700012
155 451.100006
156 454.799988
157 458.100006
158 461.899994
159 465.200012
160 469.100006
161 472.500000
162 476.100006
163 479.799988
164 483.100006
165 486.899994
166 490.299988
167 494.000000
168 497.600006
169 501.100006
170 504.799988
171 508.100006
172 512.000000
173 515.200012
174 519.099976
175 522.700012
176 526.099976
177 529.799988
178 533.099976
179 536.799988
180 540.299988
181 544.099976
182 547.799988
183 551.099976
184 554.900024
185 558.200012
186 562.099976
187 565.400024
188 569.099976
189 572.700012
190 576.099976
191 579.900024
192 583.299988
193 587.099976
194 590.700012
195 594.099976
196 597.799988
197 601.099976
198 604.900024
199 608.299988
200 612.099976
201 615.599976
202 619.099976
203 623.000000
204 626.500000
205 630.099976
206 633.500000
207 637.099976
208 640.799988
209 644.099976
210 647.799988
211 651.500000
212 655.099976
213 658.799988
214 662.099976
215 666.000000
216 669.400024
217 673.099976
218 676.500000
219 680.099976
220 683.799988
221 687.400024
222 690.900024
223 694.599976
224 698.099976
225 701.700012
226 705.200012
227 708.799988
228 712.500000
229 716.099976
230 719.799988
231 723.200012
232 726.799988
233 730.500000
234 733.900024
235 737.500000
236 741.200012
237 744.799988
238 748.400024
239 751.900024
240 755.500000
241 759.099976
242 762.799988
243 766.500000
244 769.799988
245 773.500000
246 777.200012
247 780.599976
248 784.200012
249 787.799988
250 791.500000
251 795.000000
252 798.700012
253 802.299988
254 805.700012
255 809.400024
256 812.799988
257 816.500000
258 820.099976
259 823.799988
260 827.500000
261 830.799988
262 834.500000
263 838.099976
264 841.700012
265 845.500000
266 848.799988
267 852.500000
268 855.900024
269 859.700012
270 863.200012
271 866.799988
272 870.500000
273 873.799988
274 877.599976
275 881.099976
276 884.799988
277 888.299988
278 891.799988
279 895.599976
280 899.299988
281 902.700012
282 906.299988
283 909.799988
284 913.500000
285 916.900024
286 920.599976
287 924.299988
288 927.799988
289 931.500000
290 934.799988
291 938.700012
292 942.299988
293 945.700012
294 949.400024
295 952.799988
296 956.599976
297 960.200012
298 963.700012
299 967.299988
300 970.799988
301 974.500000
302 978.200012
303 981.700012
304 985.299988
305 988.799988
306 992.299988
307 996.000000
308 999.599976
309 1003.299988
310 1006.799988
311 1010.400024
312 1014.000000
313 1017.599976
314 1021.200012
315 1024.699951
316 1028.300049
317 1031.800049
318 1035.500000
319 1039.300049
320 1042.699951
321 1046.300049
322 1049.800049
323 1053.400024
324 1057.000000
325 1060.500000
326 1064.300049
327 1067.800049
328 1071.400024
329 1075.000000
330 1078.500000
331 1082.300049
332 1085.599976
333 1089.300049
334 1093.000000
335 1096.500000
336 1100.300049
337 1103.599976
338 1107.300049
339 1111.000000
340 1114.400024
341 1118.199951
342 1121.500000
343 1125.300049
344 1128.699951
345 1132.400024
346 1136.099976
347 1139.500000
348 1143.300049
349 1146.699951
350 1150.400024
351 1154.099976
352 1157.500000
353 1161.199951
354 1164.599976
355 1168.400024
356 1171.900024
357 1175.500000
358 1179.199951
359 1182.699951
360 1186.300049
361 1189.800049
362 1193.400024
363 1197.099976
364 1200.500000
365 1204.300049
366 1207.800049
367 1211.400024
368 1215.099976
369 1218.500000
370 1222.300049
371 1225.699951
372 1229.400024
373 1232.800049
374 1236.400024
375 1240.099976
376 1243.699951
377 1247.300049
378 1250.900024
379 1254.500000
380 1258.099976
381 1261.599976
382 1265.199951
383 1268.800049
384 1272.300049
385 1276.000000
386 1279.599976
387 1283.199951
388 1286.800049
389 1290.300049
390 1293.900024
391 1297.500000
392 1301.099976
393 1304.699951
394 1308.300049
395 1311.900024
396 1315.500000
397 1319.099976
398 1322.699951
399 1326.199951
400 1329.900024
401 1333.500000
402 1337.000000
403 1340.599976
404 1344.099976
405 1347.800049
406 1351.300049
407 1354.900024
408 1358.599976
409 1362.099976
410 1365.900024
411 1369.199951
412 1372.900024
413 1376.500000
414 1380.000000
415 1383.599976
416 1387.199951
417 1390.900024
418 1394.500000
419 1398.000000
420 1401.599976
421 1405.099976
422 1408.900024
423 1412.300049
424 1415.900024
425 1419.599976
426 1423.000000
427 1426.900024
428 1430.199951
429 1433.900024
430 1437.500000
431 1441.000000
432 1444.699951
433 1448.099976
434 1451.900024
435 1455.500000
436 1459.000000
437 1462.800049
438 1466.099976
439 1469.900024
440 1473.300049
441 1477.000000
442 1480.599976
443 1484.000000
444 1487.800049
445 1491.300049
446 1495.000000
447 1498.599976
448 1502.000000
449 1505.900024
450 1509.300049
451 1512.900024
452 1516.500000
453 1520.000000
454 1523.699951
455 1527.099976
456 1530.900024
457 1534.500000
458 1538.000000
459 1541.599976
460 1545.000000
461 1548.900024
462 1552.400024
463 1555.900024
464 1559.599976
465 1563.099976
466 1566.699951
467 1570.199951
468 1573.900024
469 1577.500000
470 1581.099976
471 1584.800049
472 1588.099976
473 1591.900024
474 1595.500000
475 1599.000000
476 1602.699951
477 1606.099976
478 1609.900024
479 1613.300049
480 1617.000000
481 1620.500000
482 1624.099976
483 1627.800049
484 1631.099976
485 1635.000000
486 1638.500000
487 1642.099976
488 1645.599976
489 1649.199951
490 1652.900024
491 1656.500000
492 1660.000000
493 1663.500000
494 1667.099976
495 1670.900024
496 1674.400024
497 1678.000000
498 1681.500000
499 1685.099976
500 1688.800049
501 1692.199951
502 1696.000000
503 1699.500000
504 1703.099976
505 1706.599976
506 1710.300049
507 1713.900024
508 1717.400024
509 1721.099976
510 1724.500000
511 1728.099976
512 1731.900024
513 1735.400024
514 1739.099976
515 1742.500000
516 1746.099976
517 1749.800049
518 1753.199951
519 1757.000000
520 1760.500000
521 1764.099976
522 1767.500000
523 1771.099976
524 1775.000000
525 1778.400024
526 1782.099976
527 1785.500000
528 1789.199951
529 1792.900024
530 1796.300049
531 1800.099976
532 1803.500000
533 1807.099976
534 1810.900024
535 1814.300049
536 1818.099976
537 1821.400024
538 1825.099976
539 1828.599976
540 1832.099976
541 1836.000000
542 1839.300049
543 1843.099976
544 1846.599976
545 1850.099976
546 1853.900024
547 1857.300049
548 1861.099976
549 1864.400024
550 1868.099976
551 1871.699951
552 1875.300049
553 1879.099976
554 1882.400024
555 1886.099976
556 1889.800049
557 1893.199951
558 1897.000000
559 1900.300049
560 1904.099976
561 1907.500000
562 1911.099976
563 1914.900024
564 1918.300049
565 1922.099976
566 1925.300049
567 1929.099976
568 1932.699951
569 1936.300049
570 1940.000000
571 1943.400024
572 1947.099976
573 1950.500000
574 1954.199951
575 1957.900024
576 1961.300049
577 1965.099976
578 1968.599976
579 1972.099976
580 1975.800049
581 1979.300049
582 1983.099976
583 1986.500000
584 1990.199951
585 1993.800049
586 1997.300049
587 2001.000000
588 2004.400024
589 2008.099976
590 2011.500000
591 2015.099976
592 2018.900024
593 2022.400024
594 2026.099976
595 2029.400024
596 2033.099976
597 2036.800049
598 2040.300049
599 2044.000000
600 2047.500000
601 2051.100098
602 2054.399902
603 2057.800049
604 2061.100098
605 2064.100098
606 2067.100098
607 2070.100098
608 2073.100098
609 2075.699951
610 2078.399902
611 2080.899902
612 2083.399902
613 2085.800049
614 2088.100098
615 2090.399902
616 2092.399902
617 2094.399902
618 2096.399902
619 2098.399902
620 2100.300049
621 2102.000000
622 2103.699951
623 2105.399902
624 2107.000000
625 2108.399902
626 2110.000000
627 2111.399902
628 2112.800049
629 2114.000000
630 2115.399902
631 2116.399902
632 2117.699951
633 2118.899902
634 2119.899902
635 2120.899902
636 2121.899902
637 2122.899902
638 2123.800049
639 2124.500000
640 2125.399902
641 2126.399902
642 2127.100098
643 2127.699951
644 2128.399902
645 2129.300049
646 2129.600098
647 2130.399902
648 2131.100098
649 2131.500000
650 2132.199951
651 2132.500000
652 2133.199951
653 2133.500000
654 2134.199951
655 2134.500000
656 2134.800049
657 2135.300049
658 2135.500000
659 2135.899902
660 2136.300049
661 2136.500000
662 2136.899902
663 2137.199951
664 2137.399902
665 2137.699951
666 2137.899902
667 2138.199951
668 2138.399902
669 2138.600098
670 2138.899902
671 2139.199951
672 2139.199951
673 2139.399902
674 2139.500000
675 2139.500000
676 2139.800049
677 2140.000000
678 2140.199951
679 2140.199951
680 2140.300049
681 2140.399902
682 2140.500000
683 2140.500000
684 2140.699951
685 2140.899902
686 2141.000000
687 2141.000000
688 2141.100098
689 2141.100098
690 2141.100098
691 2141.199951
692 2141.199951
693 2141.199951
694 2141.199951
695 2141.199951
696 2141.300049
697 2141.300049
698 2141.399902
699 2141.399902
700 2141.399902
701 2141.399902
702 2141.399902
703 2141.399902
704 2141.399902
705 2141.399902
706 2141.399902
707 2141.399902
708 2141.500000
709 2141.500000
710 2141.500000
711 2141.500000
712 2141.500000
713 2141.500000
714 2141.500000
715 2141.500000
716 2141.500000
717 2141.500000
718 2141.500000
719 2141.500000
720 2141.500000
721 2141.500000
722 2141.500000
723 2141.500000
724 2141.500000
725 2141.500000
726 2141.500000
727 2141.500000
728 2141.500000
729 2141.500000
730 2141.500000
731 2141.500000
732 2141.500000
733 2141.500000
734 2141.500000
735 2141.500000
736 2141.500000
737 2141.500000
738 2141.500000
739 2141.500000
740 2141.500000
741 2141.500000
742 2141.399902
743 2141.399902
744 2141.399902
745 2141.399902
746 2141.399902
747 2141.399902
748 2141.399902
749 2141.399902
750 2141.399902
751 2141.399902
752 2141.399902
753 2141.399902
754 2141.399902
755 2141.399902
756 2141.399902
757 2141.399902
758 2141.399902
759 2141.399902
760 2141.300049
761 2141.300049
762 2141.300049
763 2141.300049
764 2141.300049
765 2141.300049
766 2141.300049
767 2141.300049
768 2141.300049
769 2141.300049
770 2141.300049
771 2141.300049
772 2141.300049
773 2141.300049
774 2141.300049
775 2141.300049
776 2141.300049
777 2141.300049
778 2141.300049
779 2141.199951
780 2141.199951
781 2141.199951
782 2141.199951
783 2141.100098
784 2141.100098
785 2141.100098
786 2141.100098
787 2141.100098
788 2141.100098
789 2141.100098
790 2141.100098
791 2141.100098
792 2141.100098
793 2141.100098
794 2141.100098
795 2141.100098
796 2141.100098
797 2141.100098
798 2141.100098
799 2141.100098
800 2141.100098
801 2141.100098
802 2141.100098
803 2141.100098
804 2141.100098
805 2141.100098
806 2141.100098
807 2141.100098
808 2141.100098
809 2141.100098
810 2141.100098
811 2141.100098
812 2141.100098
813 2141.100098
814 2141.100098
815 2141.100098
816 2141.100098
817 2141.100098
818 2141.100098
819 2141.100098
820 2141.100098
821 2141.100098
822 2141.100098
823 2141.100098
824 2141.100098
825 2141.100098
826 2141.000000
827 2141.000000
828 2141.000000
829 2141.000000
830 2141.000000
831 2141.000000
832 2141.000000
833 2141.000000
834 2141.000000
835 2141.000000
836 2141.000000
837 2141.000000
838 2141.000000
839 2141.000000
840 2141.000000
841 2141.000000
842 2141.000000
843 2141.000000
844 2141.000000
845 2141.000000
846 2141.000000
847 2141.000000
848 2141.000000
849 2141.000000
850 2141.000000
851 2141.000000
852 2141.000000
853 2141.000000
854 2141.000000
855 2141.000000
856 2141.000000
857 2141.000000
858 2141.000000
859 2141.000000
860 2141.000000
861 2141.000000
862 2141.000000
863 2141.000000
864 2141.000000
865 2141.000000
866 2141.000000
867 2141.000000
868 2141.000000
869 2141.000000
870 2141.000000
871 2141.000000
872 2141.000000
873 2141.000000
874 2141.000000
875 2141.000000
876 2141.000000
877 2141.000000
878 2141.000000
879 2141.000000
880 2141.000000
881 2141.000000
882 2141.000000
883 2141.000000
884 2141.000000
885 2141.000000
886 2141.000000
887 2141.000000
888 2141.000000
889 2141.000000
890 2141.000000
891 2141.000000
892 2141.000000
893 2141.000000
894 2141.000000
895 2141.000000
896 2141.000000
897 2141.000000
898 2141.000000
899 2141.000000
900 2141.000000
901 2141.000000
902 2141.000000
903 2141.000000
904 2141.000000
905 2141.000000
906 2141.000000
907 2141.000000
908 2141.000000
909 2141.000000
910 2141.000000
911 2141.000000
912 2141.000000
913 2141.000000
914 2141.000000
915 2141.000000
916 2141.000000
917 2141.000000
918 2141.000000
919 2141.000000
920 2141.000000
921 2141.000000
922 2141.000000
923 2141.000000
924 2141.000000
925 2141.000000
926 2141.000000
927 2141.000000
928 2141.000000
929 2141.000000
930 2141.000000
931 2141.000000
932 2141.000000
933 2141.000000
934 2141.000000
935 2141.000000
936 2141.000000
937 2141.000000
938 2141.000000
939 2141.000000
940 2141.000000
941 2141.000000
942 2141.000000
943 2141.000000
944 2141.000000
945 2141.000000
946 2141.000000
947 2141.000000
948 2141.000000
949 2141.000000
950 2141.000000
951 2141.000000
952 2141.000000
953 2141.000000
954 2141.000000
955 2141.000000
956 2141.000000
957 2141.000000
958 2141.000000
959 2141.000000
960 2141.000000
961 2141.000000
962 2141.000000
963 2141.000000
964 2141.000000
965 2141.000000
966 2141.000000
967 2141.000000
968 2141.000000
969 2141.000000
970 2141.000000
971 2141.000000
972 2141.000000
973 2141.000000
974 2141.000000
975 2141.000000
976 2141.000000
977 2141.000000
978 2141.000000
979 2141.000000
980 2141.000000
981 2141.000000
982 2141.000000
983 2141.000000
984 2141.000000
985 2141.000000
986 2141.000000
987 2141.000000
988 2141.000000
989 2141.000000
990 2141.000000
991 2141.000000
992 2141.000000
993 2141.000000
994 2141.000000
995 2141.000000
996 2141.000000
997 2141.000000
998 2141.000000
999 2141.000000
1000 2141.000000
1001 2141.000000
1002 2141.000000
1003 2141.000000
1004 2141.000000
1005 2141.000000
1006 2141.000000
1007 2141.000000
1008 2141.000000
1009 2141.000000
1010 2141.000000
1011 2141.000000
1012 2141.000000
1013 2141.000000
1014 2141.000000
1015 2141.000000
1016 2141.000000
1017 2141.000000
1018 2141.000000
1019 2141.000000
1020 2141.000000
1021 2141.000000
1022 2141.000000
1023 2141.000000
1024 2141.000000
1025 2141.000000
1026 2141.000000
1027 2141.000000
1028 2141.000000
1029 2141.000000
1030 2141.000000
1031 2141.000000
1032 2141.000000
1033 2141.000000
1034 2141.000000
1035 2141.000000
1036 2141.000000
1037 2141.000000
1038 2141.000000
1039 2141.000000
1040 2141.000000
1041 2141.000000
1042 2141.000000
1043 2141.000000
1044 2141.000000
1045 2141.000000
1046 2141.000000
1047 2141.000000
1048 2141.000000
1049 2141.000000
1050 2141.000000
1051 2141.000000
1052 2141.000000
1053 2141.000000
1054 2141.000000
1055 2141.000000
1056 2141.000000
1057 2141.000000
1058 2141.000000
1059 2141.000000
1060 2141.000000
1061 2141.000000
1062 2141.000000
1063 2141.000000
1064 2141.000000
1065 2141.000000
1066 2141.000000
1067 2141.000000
1068 2141.000000
1069 2141.000000
1070 2141.000000
1071 2141.000000
1072 2141.000000
1073 2141.000000
1074 2141.000000
1075 2141.000000
1076 2141.000000
1077 2141.000000
1078 2141.000000
1079 2141.000000
1080 2141.000000
1081 2141.000000
1082 2141.000000
1083 2141.000000
1084 2141.000000
1085 2141.000000
1086 2141.000000
1087 2141.000000
1088 2141.000000
1089 2141.000000
1090 2141.000000
1091 2141.000000
1092 2141.000000
1093 2141.000000
1094 2141.000000
1095 2141.000000
1096 2141.000000
1097 2141.000000
1098 2141.000000
1099 2141.000000
1100 2141.000000
1101 2141.000000
1102 2141.000000
1103 2141.000000
1104 2141.000000
1105 2141.000000
1106 2141.000000
1107 2141.000000
1108 2141.000000
1109 2141.000000
1110 2141.000000
1111 2141.000000
1112 2141.000000
1113 2141.000000
1114 2141.000000
1115 2141.000000
1116 2141.000000
1117 2141.000000
1118 2141.000000
1119 2141.000000
1120 2141.000000
1121 2141.000000
1122 2141.000000
1123 2141.000000
1124 2141.000000
1125 2141.000000
1126 2141.000000
1127 2141.000000
1128 2141.000000
1129 2141.000000
1130 2141.000000
1131 2141.000000
1132 2141.000000
1133 2141.000000
1134 2141.000000
1135 2141.000000
1136 2141.000000
1137 2141.000000
1138 2141.000000
1139 2141.000000
1140 2141.000000
1141 2141.000000
1142 2141.000000
1143 2141.000000
1144 2141.000000
1145 2141.000000
1146 2141.000000
1147 2141.000000
1148 2141.000000
1149 2141.000000
1150 2141.000000
1151 2141.000000
1152 2141.000000
1153 2141.000000
1154 2141.000000
1155 2141.000000
1156 2141.000000
1157 2141.000000
1158 2141.000000
1159 2141.000000
1160 2141.000000
1161 2141.000000
1162 2141.000000
1163 2141.000000
1164 2141.000000
1165 2141.000000
1166 2141.000000
1167 2141.000000
1168 2141.000000
1169 2141.000000
1170 2141.000000
1171 2141.000000
1172 2141.000000
1173 2141.000000
1174 2141.000000
1175 2141.000000
1176 2141.000000
1177 2141.000000
1178 2141.000000
1179 2141.000000
1180 2141.000000
1181 2141.000000
1182 2141.000000
1183 2141.000000
1184 2141.000000
1185 2141.000000
1186 2141.000000
1187 2141.000000
1188 2141.000000
1189 2141.000000
1190 2141.000000
1191 2141.000000
1192 2141.000000
1193 2141.000000
1194 2141.000000
1195 2141.000000
1196 2141.000000
1197 2141.000000
1198 2141.000000
1199 2141.000000
1200 2141.000000
