0 0.000000
1 0.000000
2 0.000000
3 0.000000
4 0.400000
5 0.900000
6 1.500000
7 2.100000
8 2.700000
9 3.700000
10 4.900000
11 6.200000
12 7.600000
13 8.800000
14 10.300000
15 11.900000
16 13.600000
17 15.300000
18 17.200001
19 19.000000
20 21.100000
21 23.200001
22 25.200001
23 27.299999
24 29.500000
25 32.000000
26 34.299999
27 36.599998
28 39.299999
29 41.599998
30 44.299999
31 46.900002
32 49.500000
33 52.299999
34 55.000000
35 57.700001
36 60.500000
37 63.400002
38 66.400002
39 69.199997
40 72.199997
41 75.300003
42 78.300003
43 81.300003
44 84.500000
45 87.599998
46 90.599998
47 93.699997
48 96.800003
49 100.300003
50 103.599998
51 106.699997
52 109.800003
53 113.300003
54 116.699997
55 119.900002
56 123.400002
57 126.699997
58 130.100006
59 133.600006
60 136.899994
61 140.500000
62 143.800003
63 147.500000
64 150.800003
65 154.500000
66 157.800003
67 161.500000
68 165.000000
69 168.600006
70 172.199997
71 175.699997
72 179.399994
73 182.800003
74 186.500000
75 190.300003
76 193.699997
77 197.500000
78 201.100006
79 204.699997
80 208.500000
81 212.100006
82 215.800003
83 219.500000
84 223.300003
85 226.899994
86 230.600006
87 234.500000
88 238.199997
89 241.699997
90 245.600006
91 249.500000
92 253.100006
93 256.899994
94 260.600006
95 264.500000
96 268.200012
97 272.100006
98 275.700012
99 279.600006
100 283.500000
101 287.000000
102 291.000000
103 294.700012
104 298.600006
105 302.500000
106 306.200012
107 310.000000
108 313.899994
109 317.700012
110 321.600006
111 325.500000
112 329.299988
113 333.200012
114 336.899994
115 340.799988
116 344.700012
117 348.600006
118 352.600006
119 356.399994
120 360.100006
121 364.000000
122 367.899994
123 371.899994
124 375.700012
125 379.600006
126 383.600006
127 387.500000
128 391.299988
129 394.899994
130 398.899994
131 402.899994
132 406.799988
133 410.700012
134 414.700012
135 418.600006
136 422.500000
137 426.200012
138 430.100006
139 433.899994
140 437.899994
141 441.899994
142 445.899994
143 449.799988
144 453.799988
145 457.600006
146 461.600006
147 465.399994
148 469.299988
149 473.100006
150 477.100006
151 480.899994
152 484.899994
153 488.899994
154 492.899994
155 496.899994
156 500.799988
157 504.799988
158 508.700012
159 512.599976
160 516.400024
161 520.299988
162 524.299988
163 528.299988
164 532.200012
165 536.099976
166 540.000000
167 543.900024
168 547.900024
169 551.900024
170 555.900024
171 559.799988
172 563.799988
173 567.700012
174 571.599976
175 575.500000
176 579.400024
177 583.299988
178 587.299988
179 591.299988
180 595.099976
181 599.000000
182 603.000000
183 607.000000
184 610.900024
185 614.900024
186 618.900024
187 622.799988
188 626.799988
189 630.700012
190 634.599976
191 638.599976
192 642.599976
193 646.500000
194 650.500000
195 654.299988
196 658.299988
197 662.299988
198 666.299988
199 670.299988
200 674.099976
201 677.900024
202 681.900024
203 685.799988
204 689.799988
205 693.799988
206 697.700012
207 701.700012
208 705.700012
209 709.599976
210 713.599976
211 717.599976
212 721.500000
213 725.299988
214 729.299988
215 733.299988
216 737.299988
217 741.299988
218 745.299988
219 749.200012
220 753.000000
221 756.900024
222 760.900024
223 764.900024
224 768.900024
225 772.900024
226 776.700012
227 780.700012
228 784.700012
229 788.700012
230 792.599976
231 796.599976
232 800.599976
233 804.599976
234 808.500000
235 812.400024
236 816.299988
237 820.299988
238 824.299988
239 828.200012
240 832.200012
241 836.099976
242 840.099976
243 844.000000
244 847.799988
245 851.799988
246 855.799988
247 859.799988
248 863.799988
249 867.799988
250 871.700012
251 875.700012
252 879.700012
253 883.599976
254 887.500000
255 891.500000
256 895.500000
257 899.500000
258 903.299988
259 907.299988
260 911.200012
261 915.200012
262 919.200012
263 923.099976
264 927.000000
265 931.000000
266 935.000000
267 938.900024
268 942.799988
269 946.900024
270 950.900024
271 954.799988
272 958.799988
273 962.799988
274 966.599976
275 970.599976
276 974.599976
277 978.500000
278 982.500000
279 986.500000
280 990.500000
281 994.500000
282 998.400024
283 1002.400024
284 1006.299988
285 1010.099976
286 1014.099976
287 1018.099976
288 1022.000000
289 1026.000000
290 1030.000000
291 1034.000000
292 1037.800049
293 1041.800049
294 1045.699951
295 1049.699951
296 1053.699951
297 1057.699951
298 1061.599976
299 1065.500000
300 1069.500000
301 1073.500000
302 1077.400024
303 1081.400024
304 1085.400024
305 1089.400024
306 1093.300049
307 1097.300049
308 1101.099976
309 1105.099976
310 1109.000000
311 1113.000000
312 1117.000000
313 1120.900024
314 1124.900024
315 1128.900024
316 1132.800049
317 1136.699951
318 1140.699951
319 1144.699951
320 1148.699951
321 1152.699951
322 1156.699951
323 1160.599976
324 1164.599976
325 1168.599976
326 1172.500000
327 1176.500000
328 1180.400024
329 1184.400024
330 1188.400024
331 1192.199951
332 1196.099976
333 1200.099976
334 1204.099976
335 1208.099976
336 1212.000000
337 1216.000000
338 1219.900024
339 1223.900024
340 1227.800049
341 1231.900024
342 1235.900024
343 1239.699951
344 1243.699951
345 1247.699951
346 1251.699951
347 1255.599976
348 1259.699951
349 1263.599976
350 1267.500000
351 1271.400024
352 1275.300049
353 1279.300049
354 1283.199951
355 1287.099976
356 1291.099976
357 1295.099976
358 1299.099976
359 1303.099976
360 1307.099976
361 1311.099976
362 1315.000000
363 1318.900024
364 1322.800049
365 1326.800049
366 1330.800049
367 1334.800049
368 1338.800049
369 1342.800049
370 1346.699951
371 1350.699951
372 1354.500000
373 1358.500000
374 1362.400024
375 1366.300049
376 1370.199951
377 1374.199951
378 1378.199951
379 1382.199951
380 1386.199951
381 1390.099976
382 1394.099976
383 1398.099976
384 1402.000000
385 1406.000000
386 1409.900024
387 1414.000000
388 1417.900024
389 1421.800049
390 1425.800049
391 1429.800049
392 1433.699951
393 1437.699951
394 1441.500000
395 1445.400024
396 1449.400024
397 1453.400024
398 1457.400024
399 1461.300049
400 1465.199951
401 1469.199951
402 1473.199951
403 1477.199951
404 1481.199951
405 1485.099976
406 1489.099976
407 1493.099976
408 1497.000000
409 1501.000000
410 1504.900024
411 1508.900024
412 1512.699951
413 1516.699951
414 1520.699951
415 1524.699951
416 1528.699951
417 1532.699951
418 1536.400024
419 1540.500000
420 1544.400024
421 1548.199951
422 1552.199951
423 1556.199951
424 1560.199951
425 1564.199951
426 1568.199951
427 1572.199951
428 1576.199951
429 1580.099976
430 1584.199951
431 1588.199951
432 1592.000000
433 1595.900024
434 1599.900024
435 1603.800049
436 1607.699951
437 1611.699951
438 1615.699951
439 1619.699951
440 1623.699951
441 1627.699951
442 1631.199951
443 1635.199951
444 1639.199951
445 1643.199951
446 1647.199951
447 1651.199951
448 1655.199951
449 1659.199951
450 1663.199951
451 1667.199951
452 1671.199951
453 1675.199951
454 1679.099976
455 1683.099976
456 1687.000000
457 1690.900024
458 1694.800049
459 1698.800049
460 1702.800049
461 1706.800049
462 1710.599976
463 1714.800049
464 1718.699951
465 1722.500000
466 1726.199951
467 1730.199951
468 1734.199951
469 1738.199951
470 1742.199951
471 1746.199951
472 1750.199951
473 1754.099976
474 1758.199951
475 1762.199951
476 1766.099976
477 1770.099976
478 1774.099976
479 1778.000000
480 1781.800049
481 1785.900024
482 1789.900024
483 1793.800049
484 1797.800049
485 1801.699951
486 1805.500000
487 1809.500000
488 1813.400024
489 1817.300049
490 1821.300049
491 1825.199951
492 1829.199951
493 1833.199951
494 1837.199951
495 1841.099976
496 1845.099976
497 1849.099976
498 1853.099976
499 1857.099976
500 1861.099976
501 1865.099976
502 1869.000000
503 1873.000000
504 1876.800049
505 1880.900024
506 1884.900024
507 1888.800049
508 1892.699951
509 1896.599976
510 1900.500000
511 1904.300049
512 1908.300049
513 1912.300049
514 1916.300049
515 1920.099976
516 1924.099976
517 1928.099976
518 1932.099976
519 1936.099976
520 1940.099976
521 1944.099976
522 1948.099976
523 1952.099976
524 1956.099976
525 1960.099976
526 1964.099976
527 1967.900024
528 1971.800049
529 1975.800049
530 1979.800049
531 1983.800049
532 1987.699951
533 1991.599976
534 1995.400024
535 1999.199951
536 2003.199951
537 2007.199951
538 2011.099976
539 2015.099976
540 2019.099976
541 2023.099976
542 2027.099976
543 2031.099976
544 2035.099976
545 2039.099976
546 2043.000000
547 2047.000000
548 2051.000000
549 2054.899902
550 2058.899902
551 2062.899902
552 2066.800049
553 2070.800049
554 2074.699951
555 2078.800049
556 2082.600098
557 2086.399902
558 2090.399902
559 2094.300049
560 2098.199951
561 2102.199951
562 2106.199951
563 2110.100098
564 2114.100098
565 2118.100098
566 2122.100098
567 2126.100098
568 2130.100098
569 2134.100098
570 2138.100098
571 2141.899902
572 2145.899902
573 2149.800049
574 2153.699951
575 2157.699951
576 2161.699951
577 2165.699951
578 2169.500000
579 2173.500000
580 2177.500000
581 2181.300049
582 2185.300049
583 2189.300049
584 2193.300049
585 2197.300049
586 2201.199951
587 2205.199951
588 2209.199951
589 2213.199951
590 2217.199951
591 2221.000000
592 2225.000000
593 2229.000000
594 2233.000000
595 2236.800049
596 2240.899902
597 2244.800049
598 2248.800049
599 2252.699951
600 2256.699951
601 2260.500000
602 2264.199951
603 2268.000000
604 2271.600098
605 2275.000000
606 2278.300049
607 2281.699951
608 2284.800049
609 2287.899902
610 2290.800049
611 2293.699951
612 2296.199951
613 2299.000000
614 2301.699951
615 2304.000000
616 2306.500000
617 2308.800049
618 2311.000000
619 2313.199951
620 2315.199951
621 2317.199951
622 2319.199951
623 2321.000000
624 2322.899902
625 2324.699951
626 2326.199951
627 2327.899902
628 2329.300049
629 2330.899902
630 2332.199951
631 2333.699951
632 2334.899902
633 2336.199951
634 2337.500000
635 2338.800049
636 2339.800049
637 2340.800049
638 2341.800049
639 2342.800049
640 2343.800049
641 2344.800049
642 2345.800049
643 2346.500000
644 2347.199951
645 2347.899902
646 2348.800049
647 2349.399902
648 2350.100098
649 2350.800049
650 2351.300049
651 2352.000000
652 2352.600098
653 2353.100098
654 2353.600098
655 2354.100098
656 2354.600098
657 2355.100098
658 2355.500000
659 2355.800049
660 2356.300049
661 2356.600098
662 2357.000000
663 2357.300049
664 2357.699951
665 2357.800049
666 2358.300049
667 2358.399902
668 2358.800049
669 2359.000000
670 2359.300049
671 2359.300049
672 2359.800049
673 2359.800049
674 2360.100098
675 2360.300049
676 2360.300049
677 2360.500000
678 2360.800049
679 2360.899902
680 2361.100098
681 2361.300049
682 2361.300049
683 2361.300049
684 2361.300049
685 2361.399902
686 2361.500000
687 2361.500000
688 2361.600098
689 2362.000000
690 2362.100098
691 2362.199951
692 2362.199951
693 2362.199951
694 2362.199951
695 2362.199951
696 2362.199951
697 2362.199951
698 2362.199951
699 2362.199951
700 2362.199951
701 2362.199951
702 2362.199951
703 2362.199951
704 2362.199951
705 2362.199951
706 2362.199951
707 2362.199951
708 2362.199951
709 2362.199951
710 2362.199951
711 2362.199951
712 2362.199951
713 2362.199951
714 2362.199951
715 2362.199951
716 2362.199951
717 2362.199951
718 2362.199951
719 2362.199951
720 2362.300049
721 2362.300049
722 2362.300049
723 2362.300049
724 2362.300049
725 2362.199951
726 2362.199951
727 2362.199951
728 2362.199951
729 2362.199951
730 2362.199951
731 2362.100098
732 2362.100098
733 2362.100098
734 2362.100098
735 2362.100098
736 2362.100098
737 2362.100098
738 2362.100098
739 2362.100098
740 2362.100098
741 2362.100098
742 2362.100098
743 2362.100098
744 2362.100098
745 2362.100098
746 2362.100098
747 2362.100098
748 2362.000000
749 2362.000000
750 2362.000000
751 2361.899902
752 2361.899902
753 2361.899902
754 2361.899902
755 2361.899902
756 2361.899902
757 2361.899902
758 2361.899902
759 2361.899902
760 2361.899902
761 2361.899902
762 2361.899902
763 2361.899902
764 2361.899902
765 2361.899902
766 2361.899902
767 2361.899902
768 2361.899902
769 2361.899902
770 2361.899902
771 2361.899902
772 2361.899902
773 2361.899902
774 2361.800049
775 2361.800049
776 2361.800049
777 2361.800049
778 2361.800049
779 2361.800049
780 2361.800049
781 2361.800049
782 2361.800049
783 2361.800049
784 2361.800049
785 2361.800049
786 2361.800049
787 2361.800049
788 2361.800049
789 2361.800049
790 2361.800049
791 2361.800049
792 2361.800049
793 2361.800049
794 2361.800049
795 2361.800049
796 2361.800049
797 2361.800049
798 2361.800049
799 2361.800049
800 2361.800049
801 2361.800049
802 2361.800049
803 2361.800049
804 2361.800049
805 2361.800049
806 2361.800049
807 2361.699951
808 2361.699951
809 2361.699951
810 2361.699951
811 2361.699951
812 2361.699951
813 2361.699951
814 2361.699951
815 2361.699951
816 2361.699951
817 2361.699951
818 2361.699951
819 2361.699951
820 2361.699951
821 2361.699951
822 2361.699951
823 2361.699951
824 2361.699951
825 2361.699951
826 2361.699951
827 2361.699951
828 2361.699951
829 2361.699951
830 2361.699951
831 2361.699951
832 2361.699951
833 2361.699951
834 2361.699951
835 2361.699951
836 2361.699951
837 2361.699951
838 2361.699951
839 2361.699951
840 2361.699951
841 2361.699951
842 2361.699951
843 2361.699951
844 2361.699951
845 2361.699951
846 2361.699951
847 2361.699951
848 2361.699951
849 2361.699951
850 2361.699951
851 2361.699951
852 2361.699951
853 2361.699951
854 2361.699951
855 2361.699951
856 2361.699951
857 2361.699951
858 2361.699951
859 2361.699951
860 2361.699951
861 2361.699951
862 2361.699951
863 2361.699951
864 2361.699951
865 2361.699951
866 2361.699951
867 2361.699951
868 2361.699951
869 2361.699951
870 2361.699951
871 2361.699951
872 2361.699951
873 2361.699951
874 2361.699951
875 2361.699951
876 2361.699951
877 2361.699951
878 2361.699951
879 2361.699951
880 2361.699951
881 2361.699951
882 2361.699951
883 2361.699951
884 2361.699951
885 2361.699951
886 2361.699951
887 2361.699951
888 2361.699951
889 2361.699951
890 2361.699951
891 2361.699951
892 2361.699951
893 2361.699951
894 2361.699951
895 2361.699951
896 2361.699951
897 2361.699951
898 2361.699951
899 2361.699951
900 2361.699951
901 2361.699951
902 2361.699951
903 2361.699951
904 2361.699951
905 2361.699951
906 2361.699951
907 2361.699951
908 2361.699951
909 2361.699951
910 2361.699951
911 2361.699951
912 2361.699951
913 2361.699951
914 2361.699951
915 2361.699951
916 2361.699951
917 2361.699951
918 2361.699951
919 2361.699951
920 2361.699951
921 2361.699951
922 2361.699951
923 2361.699951
924 2361.699951
925 2361.699951
926 2361.699951
927 2361.699951
928 2361.699951
929 2361.699951
930 2361.699951
931 2361.699951
932 2361.699951
933 2361.699951
934 2361.699951
935 2361.699951
936 2361.699951
937 2361.699951
938 2361.699951
939 2361.699951
940 2361.699951
941 2361.699951
942 2361.699951
943 2361.699951
944 2361.699951
945 2361.699951
946 2361.699951
947 2361.699951
948 2361.699951
949 2361.699951
950 2361.699951
951 2361.699951
952 2361.699951
953 2361.699951
954 2361.699951
955 2361.699951
956 2361.699951
957 2361.699951
958 2361.699951
959 2361.699951
960 2361.699951
961 2361.699951
962 2361.699951
963 2361.699951
964 2361.699951
965 2361.699951
966 2361.699951
967 2361.699951
968 2361.699951
969 2361.699951
970 2361.699951
971 2361.699951
972 2361.699951
973 2361.699951
974 2361.699951
975 2361.699951
976 2361.699951
977 2361.699951
978 2361.699951
979 2361.699951
980 2361.699951
981 2361.699951
982 2361.699951
983 2361.699951
984 2361.699951
985 2361.699951
986 2361.699951
987 2361.699951
988 2361.699951
989 2361.699951
990 2361.699951
991 2361.699951
992 2361.699951
993 2361.699951
994 2361.699951
995 2361.699951
996 2361.699951
997 2361.699951
998 2361.699951
999 2361.699951
1000 2361.699951
1001 2361.699951
1002 2361.699951
1003 2361.699951
1004 2361.699951
1005 2361.699951
1006 2361.699951
1007 2361.699951
1008 2361.699951
1009 2361.699951
1010 2361.699951
1011 2361.699951
1012 2361.699951
1013 2361.699951
1014 2361.699951
1015 2361.699951
1016 2361.699951
1017 2361.699951
1018 2361.699951
1019 2361.699951
1020 2361.699951
1021 2361.699951
1022 2361.699951
1023 2361.699951
1024 2361.699951
1025 2361.699951
1026 2361.699951
1027 2361.699951
1028 2361.699951
1029 2361.699951
1030 2361.699951
1031 2361.699951
1032 2361.699951
1033 2361.699951
1034 2361.699951
1035 2361.699951
1036 2361.699951
1037 2361.699951
1038 2361.699951
1039 2361.699951
1040 2361.699951
1041 2361.699951
1042 2361.699951
1043 2361.699951
1044 2361.699951
1045 2361.699951
1046 2361.699951
1047 2361.699951
1048 2361.699951
1049 2361.699951
1050 2361.699951
1051 2361.699951
1052 2361.699951
1053 2361.699951
1054 2361.699951
1055 2361.699951
1056 2361.699951
1057 2361.699951
1058 2361.699951
1059 2361.699951
1060 2361.699951
1061 2361.699951
1062 2361.699951
1063 2361.699951
1064 2361.699951
1065 2361.699951
1066 2361.699951
1067 2361.699951
1068 2361.699951
1069 2361.699951
1070 2361.699951
1071 2361.699951
1072 2361.699951
1073 2361.699951
1074 2361.699951
1075 2361.699951
1076 2361.699951
1077 2361.699951
1078 2361.699951
1079 2361.699951
1080 2361.699951
1081 2361.699951
1082 2361.699951
1083 2361.699951
1084 2361.699951
1085 2361.699951
1086 2361.699951
1087 2361.699951
1088 2361.699951
1089 2361.699951
1090 2361.699951
1091 2361.699951
1092 2361.699951
1093 2361.699951
1094 2361.699951
1095 2361.699951
1096 2361.699951
1097 2361.699951
1098 2361.699951
1099 2361.699951
1100 2361.699951
1101 2361.699951
1102 2361.699951
1103 2361.699951
1104 2361.699951
1105 2361.699951
1106 2361.699951
1107 2361.699951
1108 2361.699951
1109 2361.699951
1110 2361.699951
1111 2361.699951
1112 2361.699951
1113 2361.699951
1114 2361.699951
1115 2361.699951
1116 2361.699951
1117 2361.699951
1118 2361.699951
1119 2361.699951
1120 2361.699951
1121 2361.699951
1122 2361.699951
1123 2361.699951
1124 2361.699951
1125 2361.699951
1126 2361.699951
1127 2361.699951
1128 2361.699951
1129 2361.699951
1130 2361.699951
1131 2361.699951
1132 2361.699951
1133 2361.699951
1134 2361.699951
1135 2361.699951
1136 2361.699951
1137 2361.699951
1138 2361.699951
1139 2361.699951
1140 2361.699951
1141 2361.699951
1142 2361.699951
1143 2361.699951
1144 2361.699951
1145 2361.699951
1146 2361.699951
1147 2361.699951
1148 2361.699951
1149 2361.699951
1150 2361.699951
1151 2361.699951
1152 2361.699951
1153 2361.699951
1154 2361.699951
1155 2361.699951
1156 2361.699951
1157 2361.699951
1158 2361.699951
1159 2361.699951
1160 2361.699951
1161 2361.699951
1162 2361.699951
1163 2361.699951
1164 2361.699951
1165 2361.699951
1166 2361.699951
1167 2361.699951
1168 2361.699951
1169 2361.699951
1170 2361.699951
1171 2361.699951
1172 2361.699951
1173 2361.699951
1174 2361.699951
1175 2361.699951
1176 2361.699951
1177 2361.699951
1178 2361.699951
1179 2361.699951
1180 2361.699951
1181 2361.699951
1182 2361.699951
1183 2361.699951
1184 2361.699951
1185 2361.699951
1186 2361.699951
1187 2361.699951
1188 2361.699951
1189 2361.699951
1190 2361.699951
1191 2361.699951
1192 2361.699951
1193 2361.699951
1194 2361.699951
1195 2361.699951
1196 2361.699951
1197 2361.699951
1198 2361.699951
1199 2361.699951
1200 2361.699951
