0 0.000000
1 0.000000
2 0.000000
3 0.000000
4 0.000000
5 0.100000
6 0.100000
7 0.400000
8 0.400000
9 0.600000
10 0.800000
11 1.100000
12 1.200000
13 1.500000
14 1.700000
15 2.000000
16 2.300000
17 2.500000
18 2.900000
19 3.300000
20 3.700000
21 4.100000
22 4.400000
23 4.900000
24 5.200000
25 5.600000
26 6.000000
27 6.500000
28 7.000000
29 7.500000
30 8.000000
31 8.300000
32 9.000000
33 9.200000
34 9.800000
35 10.200000
36 10.800000
37 11.300000
38 12.000000
39 12.300000
40 13.000000
41 13.400000
42 14.000000
43 14.700000
44 15.000000
45 15.700000
46 16.200001
47 16.900000
48 17.299999
49 18.000000
50 18.700001
51 19.100000
52 19.799999
53 20.200001
54 20.900000
55 21.600000
56 22.100000
57 22.700001
58 23.299999
59 24.000000
60 24.500000
61 25.200001
62 25.799999
63 26.400000
64 27.100000
65 27.700001
66 28.200001
67 28.900000
68 29.500000
69 30.200001
70 30.799999
71 31.500000
72 32.099998
73 32.700001
74 33.200001
75 33.900002
76 34.500000
77 35.299999
78 35.799999
79 36.500000
80 37.200001
81 37.799999
82 38.500000
83 39.099998
84 39.799999
85 40.500000
86 41.099998
87 41.799999
88 42.500000
89 43.099998
90 43.799999
91 44.400002
92 45.099998
93 45.799999
94 46.500000
95 47.099998
96 47.799999
97 48.400002
98 49.099998
99 49.799999
100 50.500000
101 51.099998
102 51.700001
103 52.400002
104 53.099998
105 53.799999
106 54.400002
107 55.000000
108 55.700001
109 56.299999
110 57.000000
111 57.799999
112 58.500000
113 59.099998
114 59.700001
115 60.400002
116 61.099998
117 61.700001
118 62.500000
119 63.099998
120 63.799999
121 64.500000
122 65.099998
123 65.900002
124 66.500000
125 67.000000
126 67.900002
127 68.400002
128 69.300003
129 69.900002
130 70.500000
131 71.300003
132 71.900002
133 72.599998
134 73.300003
135 73.900002
136 74.599998
137 75.300003
138 75.900002
139 76.699997
140 77.300003
141 77.900002
142 78.599998
143 79.400002
144 80.000000
145 80.699997
146 81.400002
147 82.000000
148 82.800003
149 83.400002
150 84.099998
151 84.800003
152 85.400002
153 86.000000
154 86.800003
155 87.500000
156 88.199997
157 88.800003
158 89.400002
159 90.400002
160 90.900002
161 91.599998
162 92.300003
163 92.900002
164 93.599998
165 94.400002
166 94.900002
167 95.599998
168 96.300003
169 97.000000
170 97.699997
171 98.400002
172 99.099998
173 99.699997
174 100.400002
175 101.000000
176 101.699997
177 102.500000
178 103.099998
179 103.800003
180 104.400002
181 105.199997
182 105.900002
183 106.500000
184 107.099998
185 107.800003
186 108.599998
187 109.300003
188 109.800003
189 110.599998
190 111.400002
191 111.900002
192 112.699997
193 113.300003
194 113.900002
195 114.800003
196 115.400002
197 116.099998
198 116.699997
199 117.400002
200 118.099998
201 118.800003
202 119.500000
203 120.199997
204 120.800003
205 121.400002
206 122.000000
207 122.800003
208 123.599998
209 124.300003
210 124.800003
211 125.500000
212 126.400002
213 126.800003
214 127.599998
215 128.399994
216 128.800003
217 129.699997
218 130.399994
219 131.000000
220 131.800003
221 132.399994
222 133.000000
223 133.699997
224 134.399994
225 135.000000
226 135.800003
227 136.500000
228 137.100006
229 137.800003
230 138.399994
231 139.100006
232 139.800003
233 140.500000
234 141.300003
235 141.899994
236 142.500000
237 143.399994
238 143.800003
239 144.699997
240 145.300003
241 146.000000
242 146.699997
243 147.399994
244 147.899994
245 148.699997
246 149.300003
247 150.000000
248 150.800003
249 151.500000
250 152.199997
251 152.800003
252 153.399994
253 154.100006
254 154.899994
255 155.500000
256 156.199997
257 156.800003
258 157.500000
259 158.399994
260 158.899994
261 159.600006
262 160.300003
263 160.800003
264 161.699997
265 162.399994
266 162.899994
267 163.699997
268 164.399994
269 164.899994
270 165.800003
271 166.399994
272 167.000000
273 167.800003
274 168.500000
275 168.899994
276 169.800003
277 170.500000
278 171.000000
279 171.800003
280 172.500000
281 173.300003
282 173.800003
283 174.500000
284 175.300003
285 175.899994
286 176.600006
287 177.399994
288 177.899994
289 178.800003
290 179.500000
291 179.899994
292 180.699997
293 181.399994
294 182.000000
295 182.800003
296 183.500000
297 183.899994
298 184.800003
299 185.500000
300 186.000000
301 186.800003
302 187.500000
303 188.199997
304 188.800003
305 189.500000
306 190.300003
307 190.899994
308 191.600006
309 192.199997
310 192.899994
311 193.600006
312 194.399994
313 194.899994
314 195.699997
315 196.500000
316 196.899994
317 197.699997
318 198.399994
319 198.899994
320 199.800003
321 200.399994
322 200.899994
323 201.800003
324 202.500000
325 203.100006
326 203.899994
327 204.500000
328 205.100006
329 205.899994
330 206.699997
331 207.100006
332 207.899994
333 208.699997
334 209.300003
335 209.899994
336 210.699997
337 211.300003
338 211.899994
339 212.699997
340 213.399994
341 213.899994
342 214.699997
343 215.500000
344 216.000000
345 216.800003
346 217.500000
347 217.899994
348 218.800003
349 219.500000
350 220.100006
351 220.800003
352 221.600006
353 222.100006
354 222.899994
355 223.699997
356 224.399994
357 224.899994
358 225.600006
359 226.500000
360 226.899994
361 227.699997
362 228.399994
363 228.899994
364 229.600006
365 230.500000
366 230.899994
367 231.699997
368 232.500000
369 232.899994
370 233.699997
371 234.600006
372 234.899994
373 235.899994
374 236.600006
375 237.100006
376 237.899994
377 238.699997
378 239.100006
379 239.899994
380 240.699997
381 241.199997
382 241.899994
383 242.699997
384 243.300003
385 243.899994
386 244.699997
387 245.399994
388 245.899994
389 246.800003
390 247.399994
391 247.899994
392 248.699997
393 249.500000
394 249.899994
395 250.899994
396 251.600006
397 252.000000
398 252.800003
399 253.600006
400 254.000000
401 254.899994
402 255.699997
403 256.200012
404 256.899994
405 257.700012
406 258.299988
407 258.899994
408 259.700012
409 260.299988
410 260.899994
411 261.700012
412 262.399994
413 262.899994
414 263.700012
415 264.399994
416 264.899994
417 265.700012
418 266.700012
419 267.000000
420 267.700012
421 268.600006
422 269.100006
423 269.799988
424 270.700012
425 271.000000
426 271.799988
427 272.700012
428 273.100006
429 273.799988
430 274.700012
431 275.100006
432 275.899994
433 276.700012
434 277.399994
435 277.899994
436 278.700012
437 279.500000
438 279.899994
439 280.700012
440 281.500000
441 281.899994
442 282.799988
443 283.500000
444 284.000000
445 284.799988
446 285.700012
447 286.000000
448 286.799988
449 287.700012
450 288.299988
451 288.799988
452 289.700012
453 290.299988
454 290.899994
455 291.700012
456 292.299988
457 292.899994
458 293.700012
459 294.399994
460 295.000000
461 295.700012
462 296.399994
463 296.899994
464 297.799988
465 298.600006
466 299.000000
467 299.799988
468 300.600006
469 301.100006
470 301.799988
471 302.600006
472 303.000000
473 303.799988
474 304.600006
475 305.200012
476 305.799988
477 306.700012
478 307.100006
479 307.799988
480 308.700012
481 309.299988
482 309.799988
483 310.799988
484 311.500000
485 312.000000
486 312.799988
487 313.500000
488 314.000000
489 314.700012
490 315.600006
491 316.100006
492 316.700012
493 317.600006
494 318.100006
495 318.799988
496 319.600006
497 320.100006
498 320.799988
499 321.700012
500 322.100006
501 322.899994
502 323.600006
503 324.100006
504 324.799988
505 325.700012
506 326.299988
507 327.000000
508 327.600006
509 328.500000
510 328.899994
511 329.700012
512 330.600006
513 331.100006
514 331.799988
515 332.600006
516 333.100006
517 333.799988
518 334.600006
519 335.100006
520 335.799988
521 336.600006
522 337.100006
523 337.799988
524 338.600006
525 339.100006
526 339.899994
527 340.600006
528 341.200012
529 341.899994
530 342.700012
531 343.299988
532 344.000000
533 344.799988
534 345.500000
535 345.899994
536 346.799988
537 347.500000
538 348.100006
539 348.799988
540 349.500000
541 350.100006
542 350.799988
543 351.500000
544 352.100006
545 352.799988
546 353.600006
547 354.200012
548 354.899994
549 355.500000
550 356.200012
551 356.899994
552 357.600006
553 358.399994
554 358.899994
555 359.700012
556 360.399994
557 361.000000
558 361.700012
559 362.399994
560 363.000000
561 363.700012
562 364.500000
563 365.000000
564 365.799988
565 366.500000
566 367.000000
567 367.799988
568 368.500000
569 369.000000
570 369.799988
571 370.500000
572 371.200012
573 372.000000
574 372.600006
575 373.200012
576 374.000000
577 374.700012
578 375.299988
579 376.000000
580 376.700012
581 377.299988
582 378.000000
583 378.700012
584 379.500000
585 380.000000
586 380.700012
587 381.500000
588 382.000000
589 382.799988
590 383.500000
591 384.000000
592 384.700012
593 385.500000
594 386.100006
595 386.899994
596 387.500000
597 388.200012
598 389.000000
599 389.600006
600 390.200012
601 391.000000
602 391.600006
603 392.200012
604 392.700012
605 393.399994
606 393.899994
607 394.600006
608 394.899994
609 395.399994
610 395.799988
611 396.399994
612 396.700012
613 397.000000
614 397.399994
615 397.799988
616 398.200012
617 398.500000
618 398.700012
619 399.100006
620 399.399994
621 399.700012
622 399.899994
623 400.100006
624 400.399994
625 400.600006
626 400.799988
627 400.899994
628 401.000000
629 401.200012
630 401.600006
631 401.700012
632 401.799988
633 402.000000
634 402.000000
635 402.100006
636 402.299988
637 402.500000
638 402.600006
639 402.600006
640 402.600006
641 402.799988
642 403.000000
643 403.000000
644 403.000000
645 403.000000
646 403.000000
647 403.000000
648 403.000000
649 403.100006
650 403.200012
651 403.200012
652 403.200012
653 403.200012
654 403.200012
655 403.299988
656 403.299988
657 403.299988
658 403.299988
659 403.299988
660 403.299988
661 403.299988
662 403.299988
663 403.299988
664 403.299988
665 403.299988
666 403.299988
667 403.299988
668 403.299988
669 403.299988
670 403.299988
671 403.299988
672 403.299988
673 403.299988
674 403.200012
675 403.200012
676 403.200012
677 403.200012
678 403.200012
679 403.200012
680 403.100006
681 403.100006
682 403.100006
683 403.000000
684 403.000000
685 403.000000
686 403.000000
687 403.000000
688 403.000000
689 403.000000
690 403.000000
691 403.000000
692 403.000000
693 403.000000
694 403.000000
695 403.000000
696 403.000000
697 403.000000
698 402.899994
699 402.899994
700 402.899994
701 402.899994
702 402.899994
703 402.899994
704 402.899994
705 402.899994
706 402.899994
707 402.899994
708 402.899994
709 402.899994
710 402.899994
711 402.899994
712 402.899994
713 402.899994
714 402.899994
715 402.799988
716 402.799988
717 402.799988
718 402.799988
719 402.799988
720 402.799988
721 402.799988
722 402.799988
723 402.799988
724 402.799988
725 402.799988
726 402.799988
727 402.799988
728 402.799988
729 402.799988
730 402.799988
731 402.799988
732 402.799988
733 402.799988
734 402.799988
735 402.799988
736 402.799988
737 402.799988
738 402.799988
739 402.799988
740 402.799988
741 402.799988
742 402.799988
743 402.799988
744 402.799988
745 402.799988
746 402.799988
747 402.799988
748 402.799988
749 402.799988
750 402.799988
751 402.700012
752 402.700012
753 402.700012
754 402.700012
755 402.700012
756 402.700012
757 402.700012
758 402.700012
759 402.700012
760 402.700012
761 402.700012
762 402.700012
763 402.700012
764 402.700012
765 402.700012
766 402.700012
767 402.700012
768 402.700012
769 402.700012
770 402.700012
771 402.700012
772 402.700012
773 402.700012
774 402.700012
775 402.700012
776 402.700012
777 402.700012
778 402.700012
779 402.700012
780 402.700012
781 402.700012
782 402.700012
783 402.700012
784 402.700012
785 402.700012
786 402.700012
787 402.700012
788 402.700012
789 402.700012
790 402.700012
791 402.700012
792 402.700012
793 402.700012
794 402.700012
795 402.700012
796 402.700012
797 402.700012
798 402.700012
799 402.700012
800 402.700012
801 402.700012
802 402.700012
803 402.700012
804 402.700012
805 402.700012
806 402.700012
807 402.700012
808 402.700012
809 402.700012
810 402.700012
811 402.700012
812 402.700012
813 402.700012
814 402.700012
815 402.700012
816 402.700012
817 402.700012
818 402.700012
819 402.700012
820 402.700012
821 402.700012
822 402.700012
823 402.700012
824 402.700012
825 402.700012
826 402.700012
827 402.700012
828 402.700012
829 402.700012
830 402.700012
831 402.700012
832 402.700012
833 402.700012
834 402.700012
835 402.700012
836 402.700012
837 402.700012
838 402.700012
839 402.700012
840 402.700012
841 402.700012
842 402.700012
843 402.700012
844 402.700012
845 402.700012
846 402.700012
847 402.700012
848 402.700012
849 402.700012
850 402.700012
851 402.700012
852 402.700012
853 402.700012
854 402.700012
855 402.700012
856 402.700012
857 402.700012
858 402.700012
859 402.700012
860 402.700012
861 402.700012
862 402.700012
863 402.700012
864 402.700012
865 402.700012
866 402.700012
867 402.700012
868 402.700012
869 402.700012
870 402.700012
871 402.700012
872 402.700012
873 402.700012
874 402.700012
875 402.700012
876 402.700012
877 402.700012
878 402.700012
879 402.700012
880 402.700012
881 402.700012
882 402.700012
883 402.700012
884 402.700012
885 402.700012
886 402.700012
887 402.700012
888 402.700012
889 402.700012
890 402.700012
891 402.700012
892 402.700012
893 402.700012
894 402.700012
895 402.700012
896 402.700012
897 402.700012
898 402.700012
899 402.700012
900 402.700012
901 402.700012
902 402.700012
903 402.700012
904 402.700012
905 402.700012
906 402.700012
907 402.700012
908 402.700012
909 402.700012
910 402.700012
911 402.700012
912 402.700012
913 402.700012
914 402.700012
915 402.700012
916 402.700012
917 402.700012
918 402.700012
919 402.700012
920 402.700012
921 402.700012
922 402.700012
923 402.700012
924 402.700012
925 402.700012
926 402.700012
927 402.700012
928 402.700012
929 402.700012
930 402.700012
931 402.700012
932 402.700012
933 402.700012
934 402.700012
935 402.700012
936 402.700012
937 402.700012
938 402.700012
939 402.700012
940 402.700012
941 402.700012
942 402.700012
943 402.700012
944 402.700012
945 402.700012
946 402.700012
947 402.700012
948 402.700012
949 402.700012
950 402.700012
951 402.700012
952 402.700012
953 402.700012
954 402.700012
955 402.700012
956 402.700012
957 402.700012
958 402.700012
959 402.700012
960 402.700012
961 402.700012
962 402.700012
963 402.700012
964 402.700012
965 402.700012
966 402.700012
967 402.700012
968 402.700012
969 402.700012
970 402.700012
971 402.700012
972 402.700012
973 402.700012
974 402.700012
975 402.700012
976 402.700012
977 402.700012
978 402.700012
979 402.700012
980 402.700012
981 402.700012
982 402.700012
983 402.700012
984 402.700012
985 402.700012
986 402.700012
987 402.700012
988 402.700012
989 402.700012
990 402.700012
991 402.700012
992 402.700012
993 402.700012
994 402.700012
995 402.700012
996 402.700012
997 402.700012
998 402.700012
999 402.700012
1000 402.700012
1001 402.700012
1002 402.700012
1003 402.700012
1004 402.700012
1005 402.700012
1006 402.700012
1007 402.700012
1008 402.700012
1009 402.700012
1010 402.700012
1011 402.700012
1012 402.700012
1013 402.700012
1014 402.700012
1015 402.700012
1016 402.700012
1017 402.700012
1018 402.700012
1019 402.700012
1020 402.700012
1021 402.700012
1022 402.700012
1023 402.700012
1024 402.700012
1025 402.700012
1026 402.700012
1027 402.700012
1028 402.700012
1029 402.700012
1030 402.700012
1031 402.700012
1032 402.700012
1033 402.700012
1034 402.700012
1035 402.700012
1036 402.700012
1037 402.700012
1038 402.700012
1039 402.700012
1040 402.700012
1041 402.700012
1042 402.700012
1043 402.700012
1044 402.700012
1045 402.700012
1046 402.700012
1047 402.700012
1048 402.700012
1049 402.700012
1050 402.700012
1051 402.700012
1052 402.700012
1053 402.700012
1054 402.700012
1055 402.700012
1056 402.700012
1057 402.700012
1058 402.700012
1059 402.700012
1060 402.700012
1061 402.700012
1062 402.700012
1063 402.700012
1064 402.700012
1065 402.700012
1066 402.700012
1067 402.700012
1068 402.700012
1069 402.700012
1070 402.700012
1071 402.700012
1072 402.700012
1073 402.700012
1074 402.700012
1075 402.700012
1076 402.700012
1077 402.700012
1078 402.700012
1079 402.700012
1080 402.700012
1081 402.700012
1082 402.700012
1083 402.700012
1084 402.700012
1085 402.700012
1086 402.700012
1087 402.700012
1088 402.700012
1089 402.700012
1090 402.700012
1091 402.700012
1092 402.700012
1093 402.700012
1094 402.700012
1095 402.700012
1096 402.700012
1097 402.700012
1098 402.700012
1099 402.700012
1100 402.700012
1101 402.700012
1102 402.700012
1103 402.700012
1104 402.700012
1105 402.700012
1106 402.700012
1107 402.700012
1108 402.700012
1109 402.700012
1110 402.700012
1111 402.700012
1112 402.700012
1113 402.700012
1114 402.700012
1115 402.700012
1116 402.700012
1117 402.700012
1118 402.700012
1119 402.700012
1120 402.700012
1121 402.700012
1122 402.700012
1123 402.700012
1124 402.700012
1125 402.700012
1126 402.700012
1127 402.700012
1128 402.700012
1129 402.700012
1130 402.700012
1131 402.700012
1132 402.700012
1133 402.700012
1134 402.700012
1135 402.700012
1136 402.700012
1137 402.700012
1138 402.700012
1139 402.700012
1140 402.700012
1141 402.700012
1142 402.700012
1143 402.700012
1144 402.700012
1145 402.700012
1146 402.700012
1147 402.700012
1148 402.700012
1149 402.700012
1150 402.700012
1151 402.700012
1152 402.700012
1153 402.700012
1154 402.700012
1155 402.700012
1156 402.700012
1157 402.700012
1158 402.700012
1159 402.700012
1160 402.700012
1161 402.700012
1162 402.700012
1163 402.700012
1164 402.700012
1165 402.700012
1166 402.700012
1167 402.700012
1168 402.700012
1169 402.700012
1170 402.700012
1171 402.700012
1172 402.700012
1173 402.700012
1174 402.700012
1175 402.700012
1176 402.700012
1177 402.700012
1178 402.700012
1179 402.700012
1180 402.700012
1181 402.700012
1182 402.700012
1183 402.700012
1184 402.700012
1185 402.700012
1186 402.700012
1187 402.700012
1188 402.700012
1189 402.700012
1190 402.700012
1191 402.700012
1192 402.700012
1193 402.700012
1194 402.700012
1195 402.700012
1196 402.700012
1197 402.700012
1198 402.700012
1199 402.700012
1200 402.700012
