0 0.000000
1 0.000000
2 0.000000
3 0.000000
4 0.000000
5 0.000000
6 0.200000
7 0.700000
8 0.900000
9 1.100000
10 1.700000
11 2.100000
12 2.500000
13 3.100000
14 3.600000
15 4.100000
16 4.700000
17 5.400000
18 6.100000
19 6.700000
20 7.500000
21 8.400000
22 9.100000
23 9.700000
24 10.600000
25 11.600000
26 12.400000
27 13.400000
28 14.400000
29 15.300000
30 16.299999
31 17.100000
32 18.200001
33 19.299999
34 20.200001
35 21.200001
36 22.200001
37 23.299999
38 24.299999
39 25.400000
40 26.500000
41 27.600000
42 28.700001
43 29.799999
44 31.100000
45 32.099998
46 33.299999
47 34.400002
48 35.700001
49 36.900002
50 38.000000
51 39.299999
52 40.400002
53 41.700001
54 42.799999
55 44.099998
56 45.200001
57 46.700001
58 47.799999
59 49.099998
60 50.299999
61 51.599998
62 52.799999
63 54.099998
64 55.400002
65 56.700001
66 57.900002
67 59.200001
68 60.400002
69 61.799999
70 63.200001
71 64.400002
72 65.699997
73 67.099998
74 68.400002
75 69.699997
76 71.099998
77 72.400002
78 73.699997
79 75.099998
80 76.400002
81 77.699997
82 79.099998
83 80.400002
84 81.699997
85 83.099998
86 84.400002
87 85.699997
88 87.099998
89 88.400002
90 89.699997
91 91.199997
92 92.500000
93 94.099998
94 95.300003
95 96.699997
96 98.099998
97 99.400002
98 100.699997
99 102.099998
100 103.500000
101 104.699997
102 106.300003
103 107.500000
104 109.099998
105 110.400002
106 111.599998
107 113.199997
108 114.500000
109 115.800003
110 117.300003
111 118.599998
112 120.099998
113 121.400002
114 122.699997
115 124.199997
116 125.400002
117 127.099998
118 128.300003
119 129.600006
120 131.199997
121 132.399994
122 134.000000
123 135.300003
124 136.500000
125 138.199997
126 139.500000
127 140.899994
128 142.199997
129 143.600006
130 145.199997
131 146.399994
132 147.899994
133 149.199997
134 150.500000
135 152.199997
136 153.399994
137 154.600006
138 156.199997
139 157.500000
140 159.100006
141 160.300003
142 161.699997
143 163.300003
144 164.500000
145 166.100006
146 167.399994
147 168.600006
148 170.300003
149 171.500000
150 173.000000
151 174.300003
152 175.699997
153 177.300003
154 178.600006
155 180.100006
156 181.300003
157 182.800003
158 184.300003
159 185.500000
160 187.000000
161 188.399994
162 189.699997
163 191.300003
164 192.500000
165 194.000000
166 195.399994
167 196.699997
168 198.300003
169 199.500000
170 201.100006
171 202.399994
172 203.800003
173 205.300003
174 206.500000
175 208.199997
176 209.399994
177 210.699997
178 212.300003
179 213.500000
180 215.199997
181 216.399994
182 217.800003
183 219.300003
184 220.500000
185 222.100006
186 223.399994
187 224.899994
188 226.300003
189 227.500000
190 229.199997
191 230.399994
192 231.899994
193 233.300003
194 234.600006
195 236.199997
196 237.399994
197 238.899994
198 240.399994
199 241.600006
200 243.300003
201 244.399994
202 246.000000
203 247.399994
204 248.500000
205 250.300003
206 251.500000
207 253.000000
208 254.399994
209 255.699997
210 257.299988
211 258.399994
212 260.100006
213 261.399994
214 262.700012
215 264.299988
216 265.399994
217 267.000000
218 268.399994
219 269.799988
220 271.299988
221 272.399994
222 274.100006
223 275.399994
224 276.799988
225 278.299988
226 279.500000
227 281.200012
228 282.399994
229 283.899994
230 285.399994
231 286.500000
232 288.200012
233 289.399994
234 290.799988
235 292.399994
236 293.600006
237 295.200012
238 296.399994
239 297.899994
240 299.399994
241 300.600006
242 302.299988
243 303.399994
244 305.000000
245 306.399994
246 307.799988
247 309.200012
248 310.399994
249 312.000000
250 313.399994
251 314.799988
252 316.299988
253 317.399994
254 319.000000
255 320.399994
256 321.799988
257 323.399994
258 324.399994
259 326.200012
260 327.399994
261 328.700012
262 330.299988
263 331.500000
264 333.200012
265 334.399994
266 335.799988
267 337.299988
268 338.500000
269 340.200012
270 341.399994
271 343.000000
272 344.399994
273 345.500000
274 347.299988
275 348.399994
276 349.899994
277 351.399994
278 352.600006
279 354.299988
280 355.399994
281 357.100006
282 358.399994
283 359.600006
284 361.299988
285 362.500000
286 364.100006
287 365.299988
288 366.700012
289 368.299988
290 369.399994
291 371.000000
292 372.399994
293 373.600006
294 375.299988
295 376.500000
296 378.200012
297 379.399994
298 380.600006
299 382.299988
300 383.600006
301 385.200012
302 386.500000
303 387.700012
304 389.299988
305 390.500000
306 392.299988
307 393.399994
308 394.799988
309 396.299988
310 397.600006
311 399.299988
312 400.500000
313 401.700012
314 403.399994
315 404.600006
316 406.299988
317 407.500000
318 409.000000
319 410.299988
320 411.600006
321 413.200012
322 414.500000
323 416.000000
324 417.299988
325 418.600006
326 420.299988
327 421.500000
328 422.899994
329 424.299988
330 425.700012
331 427.299988
332 428.600006
333 430.200012
334 431.399994
335 432.700012
336 434.299988
337 435.500000
338 437.200012
339 438.399994
340 439.700012
341 441.299988
342 442.600006
343 444.200012
344 445.399994
345 446.700012
346 448.299988
347 449.600006
348 451.200012
349 452.399994
350 453.700012
351 455.299988
352 456.600006
353 458.299988
354 459.600006
355 460.700012
356 462.299988
357 463.700012
358 465.200012
359 466.600006
360 467.799988
361 469.299988
362 470.700012
363 472.299988
364 473.500000
365 474.799988
366 476.299988
367 477.700012
368 479.200012
369 480.600006
370 481.899994
371 483.399994
372 484.700012
373 486.299988
374 487.600006
375 489.100006
376 490.399994
377 491.700012
378 493.299988
379 494.600006
380 496.000000
381 497.299988
382 498.700012
383 500.299988
384 501.700012
385 503.000000
386 504.600006
387 505.700012
388 507.200012
389 508.700012
390 510.200012
391 511.600006
392 512.700012
393 514.200012
394 515.599976
395 517.200012
396 518.500000
397 519.799988
398 521.299988
399 522.700012
400 524.200012
401 525.500000
402 527.000000
403 528.299988
404 529.700012
405 531.099976
406 532.599976
407 533.900024
408 535.299988
409 536.700012
410 538.200012
411 539.599976
412 540.900024
413 542.400024
414 543.700012
415 545.200012
416 546.700012
417 547.799988
418 549.500000
419 550.700012
420 552.200012
421 553.700012
422 555.000000
423 556.500000
424 557.700012
425 559.200012
426 560.700012
427 562.000000
428 563.500000
429 564.799988
430 566.299988
431 567.700012
432 569.000000
433 570.500000
434 571.799988
435 573.299988
436 574.700012
437 576.000000
438 577.500000
439 578.900024
440 580.299988
441 581.700012
442 583.000000
443 584.599976
444 585.900024
445 587.400024
446 588.700012
447 590.099976
448 591.599976
449 592.900024
450 594.400024
451 595.799988
452 597.000000
453 598.700012
454 599.900024
455 601.400024
456 602.700012
457 604.000000
458 605.700012
459 607.000000
460 608.400024
461 609.799988
462 611.299988
463 612.599976
464 613.900024
465 615.400024
466 616.799988
467 618.200012
468 619.700012
469 620.900024
470 622.400024
471 623.799988
472 625.299988
473 626.700012
474 628.000000
475 629.400024
476 630.900024
477 632.200012
478 633.700012
479 634.900024
480 636.599976
481 637.900024
482 639.400024
483 640.799988
484 642.000000
485 643.500000
486 644.799988
487 646.299988
488 647.700012
489 649.000000
490 650.500000
491 651.900024
492 653.299988
493 654.799988
494 656.099976
495 657.599976
496 659.000000
497 660.400024
498 661.799988
499 663.099976
500 664.500000
501 665.900024
502 667.400024
503 668.799988
504 670.299988
505 671.500000
506 672.900024
507 674.299988
508 675.799988
509 677.099976
510 678.599976
511 680.000000
512 681.400024
513 682.799988
514 684.099976
515 685.700012
516 687.000000
517 688.400024
518 689.900024
519 691.200012
520 692.799988
521 694.000000
522 695.500000
523 696.799988
524 698.299988
525 699.700012
526 701.000000
527 702.400024
528 703.799988
529 705.299988
530 706.700012
531 708.099976
532 709.400024
533 711.000000
534 712.299988
535 713.799988
536 715.099976
537 716.400024
538 717.900024
539 719.299988
540 720.799988
541 722.099976
542 723.500000
543 724.900024
544 726.299988
545 727.799988
546 729.200012
547 730.599976
548 731.900024
549 733.299988
550 734.799988
551 736.200012
552 737.599976
553 739.099976
554 740.400024
555 741.700012
556 743.200012
557 744.700012
558 746.000000
559 747.400024
560 748.799988
561 750.200012
562 751.700012
563 753.099976
564 754.400024
565 755.700012
566 757.299988
567 758.599976
568 760.099976
569 761.400024
570 763.000000
571 764.200012
572 765.599976
573 767.200012
574 768.599976
575 769.900024
576 771.200012
577 772.700012
578 774.200012
579 775.599976
580 776.900024
581 778.200012
582 779.700012
583 781.200012
584 782.400024
585 783.900024
586 785.299988
587 786.700012
588 788.099976
589 789.599976
590 790.900024
591 792.299988
592 793.700012
593 795.200012
594 796.599976
595 798.000000
596 799.299988
597 800.700012
598 802.200012
599 803.599976
600 805.099976
601 806.400024
602 807.599976
603 809.000000
604 810.200012
605 811.400024
606 812.599976
607 813.599976
608 814.599976
609 815.700012
610 816.599976
611 817.599976
612 818.500000
613 819.299988
614 820.200012
615 821.099976
616 821.700012
617 822.500000
618 823.200012
619 823.799988
620 824.500000
621 825.099976
622 825.599976
623 826.200012
624 826.599976
625 827.200012
626 827.599976
627 828.200012
628 828.500000
629 829.099976
630 829.400024
631 829.700012
632 830.200012
633 830.500000
634 830.700012
635 831.200012
636 831.400024
637 831.599976
638 832.000000
639 832.200012
640 832.400024
641 832.500000
642 832.900024
643 833.099976
644 833.299988
645 833.500000
646 833.500000
647 833.599976
648 834.000000
649 834.000000
650 834.299988
651 834.500000
652 834.500000
653 834.500000
654 834.500000
655 834.500000
656 834.900024
657 835.000000
658 835.000000
659 835.200012
660 835.200012
661 835.299988
662 835.500000
663 835.500000
664 835.500000
665 835.500000
666 835.599976
667 835.700012
668 835.700012
669 835.700012
670 835.700012
671 835.700012
672 835.700012
673 835.700012
674 835.700012
675 835.700012
676 835.700012
677 835.700012
678 835.700012
679 835.799988
680 835.900024
681 835.900024
682 835.900024
683 835.900024
684 835.900024
685 835.900024
686 835.900024
687 835.900024
688 835.900024
689 835.900024
690 835.900024
691 835.900024
692 835.900024
693 835.900024
694 835.900024
695 835.900024
696 835.900024
697 835.900024
698 835.900024
699 835.900024
700 835.900024
701 835.900024
702 835.900024
703 835.900024
704 835.900024
705 835.799988
706 835.799988
707 835.799988
708 835.799988
709 835.799988
710 835.799988
711 835.799988
712 835.799988
713 835.799988
714 835.799988
715 835.799988
716 835.700012
717 835.700012
718 835.700012
719 835.700012
720 835.700012
721 835.700012
722 835.700012
723 835.700012
724 835.700012
725 835.700012
726 835.700012
727 835.700012
728 835.700012
729 835.700012
730 835.700012
731 835.700012
732 835.700012
733 835.700012
734 835.700012
735 835.700012
736 835.700012
737 835.700012
738 835.700012
739 835.700012
740 835.700012
741 835.700012
742 835.700012
743 835.700012
744 835.700012
745 835.700012
746 835.700012
747 835.700012
748 835.700012
749 835.700012
750 835.700012
751 835.700012
752 835.700012
753 835.700012
754 835.700012
755 835.700012
756 835.700012
757 835.700012
758 835.700012
759 835.700012
760 835.700012
761 835.700012
762 835.700012
763 835.700012
764 835.700012
765 835.700012
766 835.700012
767 835.700012
768 835.700012
769 835.700012
770 835.700012
771 835.700012
772 835.700012
773 835.700012
774 835.700012
775 835.700012
776 835.700012
777 835.700012
778 835.700012
779 835.700012
780 835.700012
781 835.700012
782 835.700012
783 835.700012
784 835.700012
785 835.700012
786 835.700012
787 835.700012
788 835.700012
789 835.700012
790 835.700012
791 835.700012
792 835.700012
793 835.700012
794 835.700012
795 835.700012
796 835.700012
797 835.700012
798 835.700012
799 835.700012
800 835.700012
801 835.700012
802 835.700012
803 835.700012
804 835.700012
805 835.700012
806 835.700012
807 835.700012
808 835.700012
809 835.700012
810 835.700012
811 835.700012
812 835.700012
813 835.700012
814 835.700012
815 835.700012
816 835.700012
817 835.700012
818 835.700012
819 835.700012
820 835.700012
821 835.700012
822 835.700012
823 835.700012
824 835.700012
825 835.700012
826 835.700012
827 835.700012
828 835.700012
829 835.700012
830 835.700012
831 835.700012
832 835.700012
833 835.700012
834 835.700012
835 835.700012
836 835.700012
837 835.700012
838 835.700012
839 835.700012
840 835.700012
841 835.700012
842 835.700012
843 835.700012
844 835.700012
845 835.700012
846 835.700012
847 835.700012
848 835.700012
849 835.700012
850 835.700012
851 835.700012
852 835.700012
853 835.700012
854 835.700012
855 835.700012
856 835.700012
857 835.700012
858 835.700012
859 835.700012
860 835.700012
861 835.700012
862 835.700012
863 835.700012
864 835.700012
865 835.700012
866 835.700012
867 835.700012
868 835.700012
869 835.700012
870 835.700012
871 835.700012
872 835.700012
873 835.700012
874 835.700012
875 835.700012
876 835.700012
877 835.700012
878 835.700012
879 835.700012
880 835.700012
881 835.700012
882 835.700012
883 835.700012
884 835.700012
885 835.700012
886 835.700012
887 835.700012
888 835.700012
889 835.700012
890 835.700012
891 835.700012
892 835.700012
893 835.700012
894 835.700012
895 835.700012
896 835.700012
897 835.700012
898 835.700012
899 835.700012
900 835.700012
901 835.700012
902 835.700012
903 835.700012
904 835.700012
905 835.700012
906 835.700012
907 835.700012
908 835.700012
909 835.700012
910 835.700012
911 835.700012
912 835.700012
913 835.700012
914 835.700012
915 835.700012
916 835.700012
917 835.700012
918 835.700012
919 835.700012
920 835.700012
921 835.700012
922 835.700012
923 835.700012
924 835.700012
925 835.700012
926 835.700012
927 835.700012
928 835.700012
929 835.700012
930 835.700012
931 835.700012
932 835.700012
933 835.700012
934 835.700012
935 835.700012
936 835.700012
937 835.700012
938 835.700012
939 835.700012
940 835.700012
941 835.700012
942 835.700012
943 835.700012
944 835.700012
945 835.700012
946 835.700012
947 835.700012
948 835.700012
949 835.700012
950 835.700012
951 835.700012
952 835.700012
953 835.700012
954 835.700012
955 835.700012
956 835.700012
957 835.700012
958 835.700012
959 835.700012
960 835.700012
961 835.700012
962 835.700012
963 835.700012
964 835.700012
965 835.700012
966 835.700012
967 835.700012
968 835.700012
969 835.700012
970 835.700012
971 835.700012
972 835.700012
973 835.700012
974 835.700012
975 835.700012
976 835.700012
977 835.700012
978 835.700012
979 835.700012
980 835.700012
981 835.700012
982 835.700012
983 835.700012
984 835.700012
985 835.700012
986 835.700012
987 835.700012
988 835.700012
989 835.700012
990 835.700012
991 835.700012
992 835.700012
993 835.700012
994 835.700012
995 835.700012
996 835.700012
997 835.700012
998 835.700012
999 835.700012
1000 835.700012
1001 835.700012
1002 835.700012
1003 835.700012
1004 835.700012
1005 835.700012
1006 835.700012
1007 835.700012
1008 835.700012
1009 835.700012
1010 835.700012
1011 835.700012
1012 835.700012
1013 835.700012
1014 835.700012
1015 835.700012
1016 835.700012
1017 835.700012
1018 835.700012
1019 835.700012
1020 835.700012
1021 835.700012
1022 835.700012
1023 835.700012
1024 835.700012
1025 835.700012
1026 835.700012
1027 835.700012
1028 835.700012
1029 835.700012
1030 835.700012
1031 835.700012
1032 835.700012
1033 835.700012
1034 835.700012
1035 835.700012
1036 835.700012
1037 835.700012
1038 835.700012
1039 835.700012
1040 835.700012
1041 835.700012
1042 835.700012
1043 835.700012
1044 835.700012
1045 835.700012
1046 835.700012
1047 835.700012
1048 835.700012
1049 835.700012
1050 835.700012
1051 835.700012
1052 835.700012
1053 835.700012
1054 835.700012
1055 835.700012
1056 835.700012
1057 835.700012
1058 835.700012
1059 835.700012
1060 835.700012
1061 835.700012
1062 835.700012
1063 835.700012
1064 835.700012
1065 835.700012
1066 835.700012
1067 835.700012
1068 835.700012
1069 835.700012
1070 835.700012
1071 835.700012
1072 835.700012
1073 835.700012
1074 835.700012
1075 835.700012
1076 835.700012
1077 835.700012
1078 835.700012
1079 835.700012
1080 835.700012
1081 835.700012
1082 835.700012
1083 835.700012
1084 835.700012
1085 835.700012
1086 835.700012
1087 835.700012
1088 835.700012
1089 835.700012
1090 835.700012
1091 835.700012
1092 835.700012
1093 835.700012
1094 835.700012
1095 835.700012
1096 835.700012
1097 835.700012
1098 835.700012
1099 835.700012
1100 835.700012
1101 835.700012
1102 835.700012
1103 835.700012
1104 835.700012
1105 835.700012
1106 835.700012
1107 835.700012
1108 835.700012
1109 835.700012
1110 835.700012
1111 835.700012
1112 835.700012
1113 835.700012
1114 835.700012
1115 835.700012
1116 835.700012
1117 835.700012
1118 835.700012
1119 835.700012
1120 835.700012
1121 835.700012
1122 835.700012
1123 835.700012
1124 835.700012
1125 835.700012
1126 835.700012
1127 835.700012
1128 835.700012
1129 835.700012
1130 835.700012
1131 835.700012
1132 835.700012
1133 835.700012
1134 835.700012
1135 835.700012
1136 835.700012
1137 835.700012
1138 835.700012
1139 835.700012
1140 835.700012
1141 835.700012
1142 835.700012
1143 835.700012
1144 835.700012
1145 835.700012
1146 835.700012
1147 835.700012
1148 835.700012
1149 835.700012
1150 835.700012
1151 835.700012
1152 835.700012
1153 835.700012
1154 835.700012
1155 835.700012
1156 835.700012
1157 835.700012
1158 835.700012
1159 835.700012
1160 835.700012
1161 835.700012
1162 835.700012
1163 835.700012
1164 835.700012
1165 835.700012
1166 835.700012
1167 835.700012
1168 835.700012
1169 835.700012
1170 835.700012
1171 835.700012
1172 835.700012
1173 835.700012
1174 835.700012
1175 835.700012
1176 835.700012
1177 835.700012
1178 835.700012
1179 835.700012
1180 835.700012
1181 835.700012
1182 835.700012
1183 835.700012
1184 835.700012
1185 835.700012
1186 835.700012
1187 835.700012
1188 835.700012
1189 835.700012
1190 835.700012
1191 835.700012
1192 835.700012
1193 835.700012
1194 835.700012
1195 835.700012
1196 835.700012
1197 835.700012
1198 835.700012
1199 835.700012
1200 835.700012
