0 0.000000
1 0.000000
2 0.000000
3 0.000000
4 0.100000
5 0.700000
6 0.900000
7 1.000000
8 1.300000
9 1.900000
10 2.200000
11 2.900000
12 3.400000
13 3.900000
14 4.800000
15 5.500000
16 6.300000
17 7.000000
18 7.900000
19 8.700000
20 9.700000
21 10.600000
22 11.600000
23 12.600000
24 13.700000
25 14.700000
26 15.800000
27 16.799999
28 18.200001
29 19.200001
30 20.500000
31 21.700001
32 22.700001
33 24.100000
34 25.400000
35 26.700001
36 28.000000
37 29.200001
38 30.700001
39 32.000000
40 33.299999
41 34.700001
42 36.099998
43 37.599998
44 39.000000
45 40.500000
46 41.900002
47 43.200001
48 44.900002
49 46.200001
50 47.700001
51 49.200001
52 50.700001
53 52.200001
54 53.900002
55 55.299999
56 56.900002
57 58.299999
58 59.900002
59 61.400002
60 63.000000
61 64.699997
62 66.199997
63 67.900002
64 69.300003
65 71.099998
66 72.699997
67 74.199997
68 75.900002
69 77.500000
70 79.199997
71 80.900002
72 82.400002
73 84.099998
74 85.800003
75 87.300003
76 89.199997
77 90.699997
78 92.300003
79 94.199997
80 95.800003
81 97.300003
82 99.199997
83 100.800003
84 102.400002
85 104.199997
86 105.900002
87 107.300003
88 109.300003
89 111.000000
90 112.400002
91 114.199997
92 116.099998
93 117.699997
94 119.300003
95 121.199997
96 122.800003
97 124.400002
98 126.300003
99 128.100006
100 129.699997
101 131.300003
102 133.300003
103 135.100006
104 136.399994
105 138.300003
106 140.199997
107 141.899994
108 143.399994
109 145.300003
110 147.300003
111 148.699997
112 150.399994
113 152.300003
114 154.199997
115 155.600006
116 157.300003
117 159.300003
118 161.100006
119 162.500000
120 164.300003
121 166.300003
122 168.100006
123 169.399994
124 171.300003
125 173.300003
126 175.100006
127 176.399994
128 178.300003
129 180.300003
130 182.199997
131 183.500000
132 185.300003
133 187.300003
134 189.199997
135 190.399994
136 192.300003
137 194.300003
138 196.199997
139 197.500000
140 199.399994
141 201.300003
142 203.199997
143 204.600006
144 206.399994
145 208.300003
146 210.199997
147 211.699997
148 213.300003
149 215.300003
150 217.199997
151 218.800003
152 220.399994
153 222.300003
154 224.300003
155 226.000000
156 227.399994
157 229.300003
158 231.300003
159 233.199997
160 234.600006
161 236.399994
162 238.300003
163 240.300003
164 241.699997
165 243.399994
166 245.300003
167 247.300003
168 248.699997
169 250.399994
170 252.300003
171 254.300003
172 255.899994
173 257.500000
174 259.399994
175 261.299988
176 263.000000
177 264.700012
178 266.399994
179 268.299988
180 270.200012
181 271.799988
182 273.500000
183 275.299988
184 277.299988
185 278.799988
186 280.500000
187 282.299988
188 284.299988
189 285.899994
190 287.700012
191 289.399994
192 291.299988
193 293.200012
194 294.700012
195 296.500000
196 298.299988
197 300.299988
198 301.799988
199 303.500000
200 305.299988
201 307.299988
202 308.799988
203 310.700012
204 312.299988
205 314.299988
206 316.100006
207 317.700012
208 319.399994
209 321.299988
210 323.299988
211 324.799988
212 326.500000
213 328.299988
214 330.299988
215 331.899994
216 333.700012
217 335.399994
218 337.299988
219 339.000000
220 340.700012
221 342.500000
222 344.299988
223 346.200012
224 347.799988
225 349.600006
226 351.299988
227 353.299988
228 354.899994
229 356.600006
230 358.299988
231 360.299988
232 362.100006
233 363.799988
234 365.500000
235 367.299988
236 369.299988
237 370.899994
238 372.600006
239 374.299988
240 376.299988
241 377.899994
242 379.600006
243 381.399994
244 383.299988
245 385.100006
246 386.799988
247 388.600006
248 390.299988
249 392.100006
250 393.799988
251 395.600006
252 397.399994
253 399.200012
254 400.899994
255 402.600006
256 404.299988
257 406.299988
258 408.000000
259 409.799988
260 411.600006
261 413.299988
262 415.000000
263 416.899994
264 418.600006
265 420.399994
266 422.200012
267 423.899994
268 425.700012
269 427.600006
270 429.299988
271 430.899994
272 432.799988
273 434.600006
274 436.399994
275 438.200012
276 439.799988
277 441.600006
278 443.399994
279 445.200012
280 446.899994
281 448.700012
282 450.600006
283 452.299988
284 453.899994
285 455.700012
286 457.600006
287 459.399994
288 461.100006
289 462.899994
290 464.600006
291 466.399994
292 468.299988
293 469.899994
294 471.700012
295 473.500000
296 475.299988
297 476.899994
298 478.799988
299 480.600006
300 482.399994
301 484.000000
302 485.799988
303 487.600006
304 489.399994
305 491.100006
306 492.899994
307 494.700012
308 496.600006
309 498.200012
310 499.899994
311 501.700012
312 503.600006
313 505.399994
314 506.899994
315 508.899994
316 510.600006
317 512.500000
318 514.099976
319 515.900024
320 517.599976
321 519.599976
322 521.299988
323 522.900024
324 524.799988
325 526.599976
326 528.500000
327 530.000000
328 531.799988
329 533.599976
330 535.500000
331 537.099976
332 538.900024
333 540.700012
334 542.599976
335 544.400024
336 545.900024
337 547.700012
338 549.500000
339 551.299988
340 552.900024
341 554.900024
342 556.599976
343 558.400024
344 560.099976
345 561.900024
346 563.700012
347 565.599976
348 567.299988
349 568.900024
350 570.799988
351 572.599976
352 574.299988
353 576.000000
354 577.900024
355 579.599976
356 581.599976
357 583.000000
358 584.900024
359 586.700012
360 588.500000
361 590.299988
362 591.900024
363 593.599976
364 595.599976
365 597.299988
366 599.000000
367 600.799988
368 602.700012
369 604.400024
370 606.000000
371 608.000000
372 609.700012
373 611.599976
374 613.299988
375 615.000000
376 616.700012
377 618.700012
378 620.400024
379 622.000000
380 623.799988
381 625.700012
382 627.500000
383 629.200012
384 631.000000
385 632.700012
386 634.599976
387 636.200012
388 637.900024
389 639.799988
390 641.599976
391 643.299988
392 645.099976
393 647.000000
394 648.700012
395 650.400024
396 652.099976
397 654.000000
398 655.700012
399 657.500000
400 659.299988
401 661.000000
402 662.900024
403 664.700012
404 666.299988
405 668.099976
406 669.900024
407 671.700012
408 673.400024
409 675.000000
410 677.000000
411 678.700012
412 680.599976
413 682.200012
414 684.000000
415 685.700012
416 687.700012
417 689.299988
418 691.099976
419 692.900024
420 694.700012
421 696.400024
422 698.200012
423 700.000000
424 701.700012
425 703.599976
426 705.299988
427 707.099976
428 708.700012
429 710.599976
430 712.299988
431 714.000000
432 716.000000
433 717.700012
434 719.400024
435 721.200012
436 723.000000
437 724.700012
438 726.599976
439 728.200012
440 730.000000
441 731.900024
442 733.599976
443 735.299988
444 737.099976
445 739.000000
446 740.700012
447 742.299988
448 744.099976
449 746.000000
450 747.599976
451 749.400024
452 751.200012
453 753.099976
454 755.000000
455 756.599976
456 758.299988
457 760.099976
458 762.000000
459 763.599976
460 765.400024
461 767.099976
462 769.099976
463 770.900024
464 772.500000
465 774.299988
466 776.099976
467 777.900024
468 779.599976
469 781.299988
470 783.099976
471 784.900024
472 786.599976
473 788.299988
474 790.200012
475 792.099976
476 793.799988
477 795.500000
478 797.299988
479 799.099976
480 800.900024
481 802.700012
482 804.299988
483 806.099976
484 808.000000
485 809.700012
486 811.400024
487 813.099976
488 815.000000
489 816.799988
490 818.599976
491 820.200012
492 821.900024
493 823.799988
494 825.700012
495 827.200012
496 829.099976
497 830.900024
498 832.700012
499 834.400024
500 836.099976
501 838.099976
502 839.799988
503 841.500000
504 843.099976
505 845.099976
506 846.799988
507 848.599976
508 850.299988
509 852.099976
510 853.900024
511 855.799988
512 857.500000
513 859.099976
514 861.000000
515 862.799988
516 864.500000
517 866.099976
518 868.099976
519 869.799988
520 871.700012
521 873.200012
522 875.099976
523 876.799988
524 878.700012
525 880.400024
526 882.099976
527 884.000000
528 885.700012
529 887.500000
530 889.099976
531 891.099976
532 892.799988
533 894.799988
534 896.200012
535 898.099976
536 900.000000
537 901.700012
538 903.400024
539 905.099976
540 906.900024
541 908.799988
542 910.700012
543 912.200012
544 914.000000
545 915.799988
546 917.599976
547 919.299988
548 921.099976
549 922.900024
550 924.700012
551 926.500000
552 928.099976
553 930.000000
554 931.799988
555 933.500000
556 935.099976
557 937.000000
558 938.900024
559 940.599976
560 942.200012
561 944.000000
562 945.900024
563 947.700012
564 949.500000
565 951.099976
566 953.000000
567 954.799988
568 956.599976
569 958.200012
570 960.000000
571 961.799988
572 963.599976
573 965.400024
574 967.000000
575 968.799988
576 970.700012
577 972.299988
578 974.099976
579 976.000000
580 977.700012
581 979.500000
582 981.200012
583 983.000000
584 984.799988
585 986.700012
586 988.299988
587 990.000000
588 992.000000
589 993.700012
590 995.400024
591 997.200012
592 999.000000
593 1000.700012
594 1002.599976
595 1004.299988
596 1006.000000
597 1007.900024
598 1009.700012
599 1011.299988
600 1013.000000
601 1014.900024
602 1016.599976
603 1018.000000
604 1019.700012
605 1021.099976
606 1022.799988
607 1024.000000
608 1025.400024
609 1026.800049
610 1028.000000
611 1029.099976
612 1030.199951
613 1031.199951
614 1032.400024
615 1033.500000
616 1034.500000
617 1035.400024
618 1036.199951
619 1037.099976
620 1037.900024
621 1038.900024
622 1039.599976
623 1040.000000
624 1040.900024
625 1041.599976
626 1042.099976
627 1042.900024
628 1043.199951
629 1043.900024
630 1044.500000
631 1044.900024
632 1045.400024
633 1045.900024
634 1046.199951
635 1046.900024
636 1047.000000
637 1047.599976
638 1047.900024
639 1048.000000
640 1048.599976
641 1048.900024
642 1049.000000
643 1049.599976
644 1049.800049
645 1049.900024
646 1050.000000
647 1050.500000
648 1050.800049
649 1050.900024
650 1051.000000
651 1051.099976
652 1051.300049
653 1051.599976
654 1051.900024
655 1051.900024
656 1052.000000
657 1052.000000
658 1052.099976
659 1052.300049
660 1052.500000
661 1052.599976
662 1052.699951
663 1052.900024
664 1052.900024
665 1052.900024
666 1052.900024
667 1053.000000
668 1053.000000
669 1053.000000
670 1053.000000
671 1053.099976
672 1053.199951
673 1053.300049
674 1053.400024
675 1053.400024
676 1053.500000
677 1053.500000
678 1053.500000
679 1053.500000
680 1053.599976
681 1053.599976
682 1053.599976
683 1053.599976
684 1053.599976
685 1053.599976
686 1053.599976
687 1053.599976
688 1053.599976
689 1053.599976
690 1053.599976
691 1053.599976
692 1053.599976
693 1053.599976
694 1053.599976
695 1053.599976
696 1053.599976
697 1053.599976
698 1053.599976
699 1053.599976
700 1053.599976
701 1053.500000
702 1053.500000
703 1053.500000
704 1053.500000
705 1053.500000
706 1053.500000
707 1053.500000
708 1053.400024
709 1053.400024
710 1053.400024
711 1053.400024
712 1053.400024
713 1053.400024
714 1053.400024
715 1053.400024
716 1053.400024
717 1053.400024
718 1053.400024
719 1053.400024
720 1053.400024
721 1053.400024
722 1053.400024
723 1053.400024
724 1053.400024
725 1053.400024
726 1053.400024
727 1053.400024
728 1053.400024
729 1053.400024
730 1053.400024
731 1053.400024
732 1053.400024
733 1053.400024
734 1053.500000
735 1053.500000
736 1053.500000
737 1053.500000
738 1053.500000
739 1053.500000
740 1053.500000
741 1053.400024
742 1053.400024
743 1053.400024
744 1053.300049
745 1053.300049
746 1053.300049
747 1053.300049
748 1053.300049
749 1053.300049
750 1053.300049
751 1053.300049
752 1053.300049
753 1053.300049
754 1053.199951
755 1053.199951
756 1053.199951
757 1053.199951
758 1053.199951
759 1053.199951
760 1053.199951
761 1053.199951
762 1053.199951
763 1053.199951
764 1053.199951
765 1053.199951
766 1053.199951
767 1053.199951
768 1053.199951
769 1053.199951
770 1053.199951
771 1053.199951
772 1053.199951
773 1053.199951
774 1053.199951
775 1053.199951
776 1053.199951
777 1053.199951
778 1053.199951
779 1053.199951
780 1053.199951
781 1053.199951
782 1053.199951
783 1053.199951
784 1053.199951
785 1053.199951
786 1053.199951
787 1053.199951
788 1053.199951
789 1053.199951
790 1053.199951
791 1053.199951
792 1053.199951
793 1053.199951
794 1053.199951
795 1053.199951
796 1053.199951
797 1053.199951
798 1053.199951
799 1053.199951
800 1053.199951
801 1053.199951
802 1053.199951
803 1053.199951
804 1053.199951
805 1053.199951
806 1053.199951
807 1053.199951
808 1053.199951
809 1053.199951
810 1053.199951
811 1053.199951
812 1053.199951
813 1053.199951
814 1053.199951
815 1053.199951
816 1053.199951
817 1053.199951
818 1053.199951
819 1053.199951
820 1053.199951
821 1053.199951
822 1053.199951
823 1053.199951
824 1053.199951
825 1053.199951
826 1053.199951
827 1053.199951
828 1053.199951
829 1053.199951
830 1053.199951
831 1053.199951
832 1053.199951
833 1053.199951
834 1053.199951
835 1053.199951
836 1053.199951
837 1053.199951
838 1053.199951
839 1053.199951
840 1053.199951
841 1053.199951
842 1053.199951
843 1053.199951
844 1053.199951
845 1053.199951
846 1053.199951
847 1053.199951
848 1053.199951
849 1053.199951
850 1053.199951
851 1053.199951
852 1053.199951
853 1053.199951
854 1053.199951
855 1053.199951
856 1053.199951
857 1053.199951
858 1053.199951
859 1053.199951
860 1053.199951
861 1053.199951
862 1053.199951
863 1053.199951
864 1053.199951
865 1053.199951
866 1053.199951
867 1053.199951
868 1053.199951
869 1053.199951
870 1053.199951
871 1053.199951
872 1053.199951
873 1053.199951
874 1053.199951
875 1053.199951
876 1053.199951
877 1053.199951
878 1053.199951
879 1053.199951
880 1053.199951
881 1053.199951
882 1053.199951
883 1053.199951
884 1053.199951
885 1053.199951
886 1053.199951
887 1053.199951
888 1053.199951
889 1053.199951
890 1053.199951
891 1053.199951
892 1053.199951
893 1053.199951
894 1053.199951
895 1053.199951
896 1053.199951
897 1053.199951
898 1053.199951
899 1053.199951
900 1053.199951
901 1053.199951
902 1053.199951
903 1053.199951
904 1053.199951
905 1053.199951
906 1053.199951
907 1053.199951
908 1053.199951
909 1053.199951
910 1053.199951
911 1053.199951
912 1053.199951
913 1053.199951
914 1053.199951
915 1053.199951
916 1053.199951
917 1053.199951
918 1053.199951
919 1053.199951
920 1053.199951
921 1053.199951
922 1053.199951
923 1053.199951
924 1053.199951
925 1053.199951
926 1053.199951
927 1053.199951
928 1053.199951
929 1053.199951
930 1053.199951
931 1053.199951
932 1053.199951
933 1053.199951
934 1053.199951
935 1053.199951
936 1053.199951
937 1053.199951
938 1053.199951
939 1053.199951
940 1053.199951
941 1053.199951
942 1053.199951
943 1053.199951
944 1053.199951
945 1053.199951
946 1053.199951
947 1053.199951
948 1053.199951
949 1053.199951
950 1053.199951
951 1053.199951
952 1053.199951
953 1053.199951
954 1053.199951
955 1053.199951
956 1053.199951
957 1053.199951
958 1053.199951
959 1053.199951
960 1053.199951
961 1053.199951
962 1053.199951
963 1053.199951
964 1053.199951
965 1053.199951
966 1053.199951
967 1053.199951
968 1053.199951
969 1053.199951
970 1053.199951
971 1053.199951
972 1053.199951
973 1053.199951
974 1053.199951
975 1053.199951
976 1053.199951
977 1053.199951
978 1053.199951
979 1053.199951
980 1053.199951
981 1053.199951
982 1053.199951
983 1053.199951
984 1053.199951
985 1053.199951
986 1053.199951
987 1053.199951
988 1053.199951
989 1053.199951
990 1053.199951
991 1053.199951
992 1053.199951
993 1053.199951
994 1053.199951
995 1053.199951
996 1053.199951
997 1053.199951
998 1053.199951
999 1053.199951
1000 1053.199951
1001 1053.199951
1002 1053.199951
1003 1053.199951
1004 1053.199951
1005 1053.199951
1006 1053.199951
1007 1053.199951
1008 1053.199951
1009 1053.199951
1010 1053.199951
1011 1053.199951
1012 1053.199951
1013 1053.199951
1014 1053.199951
1015 1053.199951
1016 1053.199951
1017 1053.199951
1018 1053.199951
1019 1053.199951
1020 1053.199951
1021 1053.199951
1022 1053.199951
1023 1053.199951
1024 1053.199951
1025 1053.199951
1026 1053.199951
1027 1053.199951
1028 1053.199951
1029 1053.199951
1030 1053.199951
1031 1053.199951
1032 1053.199951
1033 1053.199951
1034 1053.199951
1035 1053.199951
1036 1053.199951
1037 1053.199951
1038 1053.199951
1039 1053.199951
1040 1053.199951
1041 1053.199951
1042 1053.199951
1043 1053.199951
1044 1053.199951
1045 1053.199951
1046 1053.199951
1047 1053.199951
1048 1053.199951
1049 1053.199951
1050 1053.199951
1051 1053.199951
1052 1053.199951
1053 1053.199951
1054 1053.199951
1055 1053.199951
1056 1053.199951
1057 1053.199951
1058 1053.199951
1059 1053.199951
1060 1053.199951
1061 1053.199951
1062 1053.199951
1063 1053.199951
1064 1053.199951
1065 1053.199951
1066 1053.199951
1067 1053.199951
1068 1053.199951
1069 1053.199951
1070 1053.199951
1071 1053.199951
1072 1053.199951
1073 1053.199951
1074 1053.199951
1075 1053.199951
1076 1053.199951
1077 1053.199951
1078 1053.199951
1079 1053.199951
1080 1053.199951
1081 1053.199951
1082 1053.199951
1083 1053.199951
1084 1053.199951
1085 1053.199951
1086 1053.199951
1087 1053.199951
1088 1053.199951
1089 1053.199951
1090 1053.199951
1091 1053.199951
1092 1053.199951
1093 1053.199951
1094 1053.199951
1095 1053.199951
1096 1053.199951
1097 1053.199951
1098 1053.199951
1099 1053.199951
1100 1053.199951
1101 1053.199951
1102 1053.199951
1103 1053.199951
1104 1053.199951
1105 1053.199951
1106 1053.199951
1107 1053.199951
1108 1053.199951
1109 1053.199951
1110 1053.199951
1111 1053.199951
1112 1053.199951
1113 1053.199951
1114 1053.199951
1115 1053.199951
1116 1053.199951
1117 1053.199951
1118 1053.199951
1119 1053.199951
1120 1053.199951
1121 1053.199951
1122 1053.199951
1123 1053.199951
1124 1053.199951
1125 1053.199951
1126 1053.199951
1127 1053.199951
1128 1053.199951
1129 1053.199951
1130 1053.199951
1131 1053.199951
1132 1053.199951
1133 1053.199951
1134 1053.199951
1135 1053.199951
1136 1053.199951
1137 1053.199951
1138 1053.199951
1139 1053.199951
1140 1053.199951
1141 1053.199951
1142 1053.199951
1143 1053.199951
1144 1053.199951
1145 1053.199951
1146 1053.199951
1147 1053.199951
1148 1053.199951
1149 1053.199951
1150 1053.199951
1151 1053.199951
1152 1053.199951
1153 1053.199951
1154 1053.199951
1155 1053.199951
1156 1053.199951
1157 1053.199951
1158 1053.199951
1159 1053.199951
1160 1053.199951
1161 1053.199951
1162 1053.199951
1163 1053.199951
1164 1053.199951
1165 1053.199951
1166 1053.199951
1167 1053.199951
1168 1053.199951
1169 1053.199951
1170 1053.199951
1171 1053.199951
1172 1053.199951
1173 1053.199951
1174 1053.199951
1175 1053.199951
1176 1053.199951
1177 1053.199951
1178 1053.199951
1179 1053.199951
1180 1053.199951
1181 1053.199951
1182 1053.199951
1183 1053.199951
1184 1053.199951
1185 1053.199951
1186 1053.199951
1187 1053.199951
1188 1053.199951
1189 1053.199951
1190 1053.199951
1191 1053.199951
1192 1053.199951
1193 1053.199951
1194 1053.199951
1195 1053.199951
1196 1053.199951
1197 1053.199951
1198 1053.199951
1199 1053.199951
1200 1053.199951
