0 0.000000
1 0.000000
2 0.000000
3 0.100000
4 0.100000
5 0.300000
6 1.000000
7 1.200000
8 2.100000
9 2.800000
10 3.600000
11 4.400000
12 5.400000
13 6.800000
14 7.900000
15 9.200000
16 10.400000
17 12.000000
18 13.400000
19 15.000000
20 16.799999
21 18.299999
22 20.000000
23 21.799999
24 23.799999
25 25.400000
26 27.400000
27 29.400000
28 31.400000
29 33.500000
30 35.799999
31 37.900002
32 40.099998
33 42.200001
34 44.299999
35 46.900002
36 49.099998
37 51.299999
38 53.799999
39 56.099998
40 58.299999
41 61.099998
42 63.400002
43 66.000000
44 68.300003
45 71.199997
46 73.500000
47 76.199997
48 79.099998
49 81.300003
50 84.199997
51 87.099998
52 89.500000
53 92.199997
54 95.099998
55 97.900002
56 100.300003
57 103.199997
58 106.099998
59 108.900002
60 111.699997
61 114.199997
62 117.199997
63 120.199997
64 123.099998
65 126.099998
66 128.800003
67 131.699997
68 134.300003
69 137.300003
70 140.300003
71 143.300003
72 146.199997
73 149.199997
74 152.199997
75 155.199997
76 158.199997
77 161.199997
78 164.100006
79 167.199997
80 170.100006
81 173.199997
82 176.199997
83 179.199997
84 182.199997
85 185.199997
86 188.300003
87 191.300003
88 194.300003
89 197.300003
90 200.300003
91 203.300003
92 206.300003
93 209.500000
94 212.500000
95 215.899994
96 218.899994
97 222.100006
98 225.199997
99 228.300003
100 231.300003
101 234.300003
102 237.300003
103 240.399994
104 243.899994
105 246.899994
106 250.100006
107 253.199997
108 256.299988
109 259.299988
110 262.299988
111 265.299988
112 268.799988
113 271.899994
114 275.200012
115 278.299988
116 281.299988
117 284.299988
118 287.500000
119 290.899994
120 294.100006
121 297.100006
122 300.299988
123 303.299988
124 306.299988
125 309.600006
126 312.899994
127 316.299988
128 319.299988
129 322.299988
130 325.299988
131 328.899994
132 332.100006
133 335.299988
134 338.299988
135 341.299988
136 344.399994
137 347.899994
138 351.299988
139 354.299988
140 357.299988
141 360.299988
142 363.899994
143 367.200012
144 370.299988
145 373.299988
146 376.399994
147 379.700012
148 383.299988
149 386.299988
150 389.299988
151 392.299988
152 395.600006
153 399.200012
154 402.200012
155 405.299988
156 408.299988
157 411.600006
158 415.100006
159 418.299988
160 421.299988
161 424.399994
162 427.700012
163 431.299988
164 434.299988
165 437.299988
166 440.299988
167 443.600006
168 447.299988
169 450.299988
170 453.299988
171 456.399994
172 459.700012
173 463.299988
174 466.299988
175 469.299988
176 472.600006
177 476.100006
178 479.299988
179 482.299988
180 485.299988
181 488.500000
182 492.100006
183 495.299988
184 498.299988
185 501.299988
186 504.600006
187 508.100006
188 511.299988
189 514.299988
190 517.500000
191 520.700012
192 524.200012
193 527.299988
194 530.500000
195 533.599976
196 536.700012
197 540.200012
198 543.299988
199 546.400024
200 549.500000
201 553.000000
202 556.299988
203 559.299988
204 562.500000
205 565.700012
206 569.200012
207 572.299988
208 575.400024
209 578.700012
210 582.000000
211 585.299988
212 588.299988
213 591.500000
214 594.599976
215 598.000000
216 601.299988
217 604.299988
218 607.500000
219 611.000000
220 614.099976
221 617.299988
222 620.500000
223 623.700012
224 627.099976
225 630.299988
226 633.299988
227 636.500000
228 640.000000
229 643.000000
230 646.299988
231 649.299988
232 652.599976
233 656.000000
234 659.200012
235 662.299988
236 665.599976
237 668.900024
238 672.099976
239 675.299988
240 678.500000
241 681.599976
242 685.000000
243 688.200012
244 691.299988
245 694.500000
246 697.599976
247 701.000000
248 704.200012
249 707.500000
250 710.599976
251 713.900024
252 717.200012
253 720.299988
254 723.500000
255 726.700012
256 730.000000
257 733.200012
258 736.299988
259 739.599976
260 742.700012
261 746.000000
262 749.200012
263 752.500000
264 755.700012
265 759.000000
266 762.200012
267 765.299988
268 768.599976
269 771.900024
270 775.099976
271 778.200012
272 781.400024
273 784.599976
274 787.900024
275 791.099976
276 794.200012
277 797.599976
278 800.799988
279 804.000000
280 807.099976
281 810.500000
282 813.599976
283 816.900024
284 820.099976
285 823.200012
286 826.599976
287 829.599976
288 833.000000
289 836.099976
290 839.200012
291 842.599976
292 845.799988
293 849.000000
294 852.200012
295 855.599976
296 858.599976
297 862.000000
298 865.099976
299 868.200012
300 871.599976
301 874.599976
302 878.000000
303 881.200012
304 884.400024
305 887.599976
306 890.900024
307 894.000000
308 897.299988
309 900.599976
310 903.700012
311 907.000000
312 910.099976
313 913.500000
314 916.599976
315 920.000000
316 923.000000
317 926.299988
318 929.500000
319 932.599976
320 936.000000
321 939.099976
322 942.400024
323 945.599976
324 948.900024
325 952.000000
326 955.400024
327 958.599976
328 961.599976
329 965.000000
330 968.000000
331 971.400024
332 974.599976
333 977.599976
334 981.000000
335 984.200012
336 987.500000
337 990.599976
338 993.799988
339 997.099976
340 1000.400024
341 1003.599976
342 1006.700012
343 1010.000000
344 1013.200012
345 1016.500000
346 1019.599976
347 1022.700012
348 1026.099976
349 1029.300049
350 1032.599976
351 1035.699951
352 1038.800049
353 1042.199951
354 1045.400024
355 1048.599976
356 1051.900024
357 1055.099976
358 1058.400024
359 1061.500000
360 1064.599976
361 1067.900024
362 1071.400024
363 1074.400024
364 1077.500000
365 1080.699951
366 1084.099976
367 1087.400024
368 1090.500000
369 1093.599976
370 1097.000000
371 1100.199951
372 1103.500000
373 1106.500000
374 1109.699951
375 1113.000000
376 1116.300049
377 1119.500000
378 1122.599976
379 1125.699951
380 1129.199951
381 1132.400024
382 1135.500000
383 1138.699951
384 1142.099976
385 1145.300049
386 1148.500000
387 1151.500000
388 1154.800049
389 1158.300049
390 1161.300049
391 1164.500000
392 1167.699951
393 1170.800049
394 1174.199951
395 1177.400024
396 1180.500000
397 1183.800049
398 1187.199951
399 1190.300049
400 1193.500000
401 1196.699951
402 1200.099976
403 1203.300049
404 1206.500000
405 1209.500000
406 1212.900024
407 1216.199951
408 1219.300049
409 1222.500000
410 1225.500000
411 1228.900024
412 1232.199951
413 1235.400024
414 1238.500000
415 1241.699951
416 1245.199951
417 1248.300049
418 1251.500000
419 1254.599976
420 1257.699951
421 1261.199951
422 1264.400024
423 1267.500000
424 1270.599976
425 1274.000000
426 1277.300049
427 1280.400024
428 1283.500000
429 1286.699951
430 1290.300049
431 1293.300049
432 1296.500000
433 1299.699951
434 1302.900024
435 1306.300049
436 1309.300049
437 1312.500000
438 1315.599976
439 1318.900024
440 1322.300049
441 1325.400024
442 1328.599976
443 1331.900024
444 1335.300049
445 1338.300049
446 1341.500000
447 1344.699951
448 1348.099976
449 1351.300049
450 1354.400024
451 1357.599976
452 1360.800049
453 1364.199951
454 1367.300049
455 1370.500000
456 1373.599976
457 1377.000000
458 1380.300049
459 1383.300049
460 1386.699951
461 1389.800049
462 1393.300049
463 1396.300049
464 1399.500000
465 1402.699951
466 1405.800049
467 1409.300049
468 1412.300049
469 1415.500000
470 1418.699951
471 1422.099976
472 1425.300049
473 1428.400024
474 1431.699951
475 1434.800049
476 1438.199951
477 1441.300049
478 1444.599976
479 1447.699951
480 1450.800049
481 1454.300049
482 1457.300049
483 1460.599976
484 1463.699951
485 1467.099976
486 1470.300049
487 1473.400024
488 1476.699951
489 1479.900024
490 1483.199951
491 1486.300049
492 1489.500000
493 1492.699951
494 1496.199951
495 1499.199951
496 1502.400024
497 1505.500000
498 1508.699951
499 1512.199951
500 1515.199951
501 1518.500000
502 1521.699951
503 1524.900024
504 1528.199951
505 1531.400024
506 1534.599976
507 1537.900024
508 1541.000000
509 1544.199951
510 1547.400024
511 1550.599976
512 1553.900024
513 1557.000000
514 1560.300049
515 1563.599976
516 1566.800049
517 1569.900024
518 1573.199951
519 1576.400024
520 1579.699951
521 1582.900024
522 1586.000000
523 1589.400024
524 1592.400024
525 1595.699951
526 1598.900024
527 1602.000000
528 1605.300049
529 1608.500000
530 1611.900024
531 1614.900024
532 1618.199951
533 1621.400024
534 1624.599976
535 1627.900024
536 1631.000000
537 1634.300049
538 1637.599976
539 1640.699951
540 1643.900024
541 1647.099976
542 1650.300049
543 1653.500000
544 1656.900024
545 1660.099976
546 1663.099976
547 1666.500000
548 1669.800049
549 1672.900024
550 1676.099976
551 1679.300049
552 1682.699951
553 1685.800049
554 1688.900024
555 1692.099976
556 1695.400024
557 1698.699951
558 1701.800049
559 1705.000000
560 1708.300049
561 1711.400024
562 1714.800049
563 1717.900024
564 1721.099976
565 1724.400024
566 1727.699951
567 1730.900024
568 1734.000000
569 1737.099976
570 1740.400024
571 1743.800049
572 1746.800049
573 1750.000000
574 1753.300049
575 1756.500000
576 1759.800049
577 1763.000000
578 1766.099976
579 1769.500000
580 1772.699951
581 1776.000000
582 1779.099976
583 1782.300049
584 1785.500000
585 1788.699951
586 1792.000000
587 1795.000000
588 1798.300049
589 1801.599976
590 1804.800049
591 1808.000000
592 1811.199951
593 1814.500000
594 1817.699951
595 1821.000000
596 1824.099976
597 1827.300049
598 1830.500000
599 1833.699951
600 1837.000000
601 1840.099976
602 1843.000000
603 1846.199951
604 1849.000000
605 1851.800049
606 1854.599976
607 1857.199951
608 1859.699951
609 1862.199951
610 1864.500000
611 1866.699951
612 1869.000000
613 1871.199951
614 1873.199951
615 1875.199951
616 1877.000000
617 1878.800049
618 1880.599976
619 1882.300049
620 1883.800049
621 1885.599976
622 1887.000000
623 1888.400024
624 1889.800049
625 1891.199951
626 1892.400024
627 1893.699951
628 1894.800049
629 1896.099976
630 1897.199951
631 1898.199951
632 1899.300049
633 1900.300049
634 1901.199951
635 1902.099976
636 1902.900024
637 1903.699951
638 1904.400024
639 1905.300049
640 1905.900024
641 1906.699951
642 1907.300049
643 1908.099976
644 1908.599976
645 1909.300049
646 1909.699951
647 1910.300049
648 1910.699951
649 1911.300049
650 1911.699951
651 1912.300049
652 1912.599976
653 1913.099976
654 1913.400024
655 1913.699951
656 1914.300049
657 1914.400024
658 1914.699951
659 1915.199951
660 1915.400024
661 1915.699951
662 1916.000000
663 1916.199951
664 1916.400024
665 1916.599976
666 1916.800049
667 1917.099976
668 1917.300049
669 1917.400024
670 1917.599976
671 1917.699951
672 1917.900024
673 1918.099976
674 1918.300049
675 1918.300049
676 1918.300049
677 1918.599976
678 1918.599976
679 1918.699951
680 1918.800049
681 1919.000000
682 1919.000000
683 1919.300049
684 1919.300049
685 1919.300049
686 1919.300049
687 1919.400024
688 1919.400024
689 1919.400024
690 1919.500000
691 1919.599976
692 1919.699951
693 1919.800049
694 1919.800049
695 1919.800049
696 1919.900024
697 1920.000000
698 1920.000000
699 1920.099976
700 1920.099976
701 1920.099976
702 1920.099976
703 1920.099976
704 1920.099976
705 1920.099976
706 1920.099976
707 1920.099976
708 1920.099976
709 1920.099976
710 1920.099976
711 1920.099976
712 1920.099976
713 1920.099976
714 1920.000000
715 1920.000000
716 1920.000000
717 1920.000000
718 1920.000000
719 1920.000000
720 1920.000000
721 1920.000000
722 1919.900024
723 1919.900024
724 1919.900024
725 1920.000000
726 1920.000000
727 1920.000000
728 1920.000000
729 1920.000000
730 1920.000000
731 1919.900024
732 1919.900024
733 1919.900024
734 1919.900024
735 1919.900024
736 1919.900024
737 1919.900024
738 1919.900024
739 1919.900024
740 1919.900024
741 1919.900024
742 1919.900024
743 1919.900024
744 1919.900024
745 1919.900024
746 1919.900024
747 1919.900024
748 1919.900024
749 1919.900024
750 1919.900024
751 1919.900024
752 1919.900024
753 1919.900024
754 1919.900024
755 1919.900024
756 1919.900024
757 1919.900024
758 1919.900024
759 1919.900024
760 1919.900024
761 1919.900024
762 1919.900024
763 1919.900024
764 1919.900024
765 1919.900024
766 1919.900024
767 1919.900024
768 1919.900024
769 1919.900024
770 1919.900024
771 1919.900024
772 1919.900024
773 1919.900024
774 1919.900024
775 1919.900024
776 1919.900024
777 1919.900024
778 1919.900024
779 1919.900024
780 1919.900024
781 1919.900024
782 1919.900024
783 1919.900024
784 1919.900024
785 1919.900024
786 1919.900024
787 1919.900024
788 1919.900024
789 1919.900024
790 1919.900024
791 1919.900024
792 1919.900024
793 1919.900024
794 1919.900024
795 1919.900024
796 1919.900024
797 1919.900024
798 1919.900024
799 1919.900024
800 1919.900024
801 1919.900024
802 1919.900024
803 1919.900024
804 1919.900024
805 1919.900024
806 1919.900024
807 1919.900024
808 1919.900024
809 1919.900024
810 1919.900024
811 1919.900024
812 1919.900024
813 1919.900024
814 1919.900024
815 1919.900024
816 1919.900024
817 1919.900024
818 1919.900024
819 1919.900024
820 1919.900024
821 1919.900024
822 1919.900024
823 1919.900024
824 1919.900024
825 1919.900024
826 1919.900024
827 1919.900024
828 1919.900024
829 1919.900024
830 1919.900024
831 1919.900024
832 1919.900024
833 1919.900024
834 1919.900024
835 1919.900024
836 1919.900024
837 1919.900024
838 1919.900024
839 1919.900024
840 1919.900024
841 1919.900024
842 1919.900024
843 1919.900024
844 1919.900024
845 1919.900024
846 1919.900024
847 1919.900024
848 1919.900024
849 1919.900024
850 1919.900024
851 1919.900024
852 1919.900024
853 1919.900024
854 1919.900024
855 1919.900024
856 1919.900024
857 1919.900024
858 1919.900024
859 1919.900024
860 1919.900024
861 1919.900024
862 1919.900024
863 1919.900024
864 1919.900024
865 1919.900024
866 1919.900024
867 1919.900024
868 1919.900024
869 1919.900024
870 1919.900024
871 1919.900024
872 1919.900024
873 1919.900024
874 1919.900024
875 1919.900024
876 1919.900024
877 1919.900024
878 1919.900024
879 1919.900024
880 1919.900024
881 1919.900024
882 1919.900024
883 1919.900024
884 1919.900024
885 1919.900024
886 1919.900024
887 1919.900024
888 1919.900024
889 1919.900024
890 1919.900024
891 1919.900024
892 1919.900024
893 1919.900024
894 1919.900024
895 1919.900024
896 1919.900024
897 1919.900024
898 1919.900024
899 1919.900024
900 1919.900024
901 1919.900024
902 1919.900024
903 1919.900024
904 1919.900024
905 1919.900024
906 1919.900024
907 1919.900024
908 1919.900024
909 1919.900024
910 1919.900024
911 1919.900024
912 1919.900024
913 1919.900024
914 1919.900024
915 1919.900024
916 1919.900024
917 1919.900024
918 1919.900024
919 1919.900024
920 1919.900024
921 1919.900024
922 1919.900024
923 1919.900024
924 1919.900024
925 1919.900024
926 1919.900024
927 1919.900024
928 1919.900024
929 1919.900024
930 1919.900024
931 1919.900024
932 1919.900024
933 1919.900024
934 1919.900024
935 1919.900024
936 1919.900024
937 1919.900024
938 1919.900024
939 1919.900024
940 1919.900024
941 1919.900024
942 1919.900024
943 1919.900024
944 1919.900024
945 1919.900024
946 1919.900024
947 1919.900024
948 1919.900024
949 1919.900024
950 1919.900024
951 1919.900024
952 1919.900024
953 1919.900024
954 1919.900024
955 1919.900024
956 1919.900024
957 1919.900024
958 1919.900024
959 1919.900024
960 1919.900024
961 1919.900024
962 1919.900024
963 1919.900024
964 1919.900024
965 1919.900024
966 1919.900024
967 1919.900024
968 1919.900024
969 1919.900024
970 1919.900024
971 1919.900024
972 1919.900024
973 1919.900024
974 1919.900024
975 1919.900024
976 1919.900024
977 1919.900024
978 1919.900024
979 1919.900024
980 1919.900024
981 1919.900024
982 1919.900024
983 1919.900024
984 1919.900024
985 1919.900024
986 1919.900024
987 1919.900024
988 1919.900024
989 1919.900024
990 1919.900024
991 1919.900024
992 1919.900024
993 1919.900024
994 1919.900024
995 1919.900024
996 1919.900024
997 1919.900024
998 1919.900024
999 1919.900024
1000 1919.900024
1001 1919.900024
1002 1919.900024
1003 1919.900024
1004 1919.900024
1005 1919.900024
1006 1919.900024
1007 1919.900024
1008 1919.900024
1009 1919.900024
1010 1919.900024
1011 1919.900024
1012 1919.900024
1013 1919.900024
1014 1919.900024
1015 1919.900024
1016 1919.900024
1017 1919.900024
1018 1919.900024
1019 1919.900024
1020 1919.900024
1021 1919.900024
1022 1919.900024
1023 1919.900024
1024 1919.900024
1025 1919.900024
1026 1919.900024
1027 1919.900024
1028 1919.900024
1029 1919.900024
1030 1919.900024
1031 1919.900024
1032 1919.900024
1033 1919.900024
1034 1919.900024
1035 1919.900024
1036 1919.900024
1037 1919.900024
1038 1919.900024
1039 1919.900024
1040 1919.900024
1041 1919.900024
1042 1919.900024
1043 1919.900024
1044 1919.900024
1045 1919.900024
1046 1919.900024
1047 1919.900024
1048 1919.900024
1049 1919.900024
1050 1919.900024
1051 1919.900024
1052 1919.900024
1053 1919.900024
1054 1919.900024
1055 1919.900024
1056 1919.900024
1057 1919.900024
1058 1919.900024
1059 1919.900024
1060 1919.900024
1061 1919.900024
1062 1919.900024
1063 1919.900024
1064 1919.900024
1065 1919.900024
1066 1919.900024
1067 1919.900024
1068 1919.900024
1069 1919.900024
1070 1919.900024
1071 1919.900024
1072 1919.900024
1073 1919.900024
1074 1919.900024
1075 1919.900024
1076 1919.900024
1077 1919.900024
1078 1919.900024
1079 1919.900024
1080 1919.900024
1081 1919.900024
1082 1919.900024
1083 1919.900024
1084 1919.900024
1085 1919.900024
1086 1919.900024
1087 1919.900024
1088 1919.900024
1089 1919.900024
1090 1919.900024
1091 1919.900024
1092 1919.900024
1093 1919.900024
1094 1919.900024
1095 1919.900024
1096 1919.900024
1097 1919.900024
1098 1919.900024
1099 1919.900024
1100 1919.900024
1101 1919.900024
1102 1919.900024
1103 1919.900024
1104 1919.900024
1105 1919.900024
1106 1919.900024
1107 1919.900024
1108 1919.900024
1109 1919.900024
1110 1919.900024
1111 1919.900024
1112 1919.900024
1113 1919.900024
1114 1919.900024
1115 1919.900024
1116 1919.900024
1117 1919.900024
1118 1919.900024
1119 1919.900024
1120 1919.900024
1121 1919.900024
1122 1919.900024
1123 1919.900024
1124 1919.900024
1125 1919.900024
1126 1919.900024
1127 1919.900024
1128 1919.900024
1129 1919.900024
1130 1919.900024
1131 1919.900024
1132 1919.900024
1133 1919.900024
1134 1919.900024
1135 1919.900024
1136 1919.900024
1137 1919.900024
1138 1919.900024
1139 1919.900024
1140 1919.900024
1141 1919.900024
1142 1919.900024
1143 1919.900024
1144 1919.900024
1145 1919.900024
1146 1919.900024
1147 1919.900024
1148 1919.900024
1149 1919.900024
1150 1919.900024
1151 1919.900024
1152 1919.900024
1153 1919.900024
1154 1919.900024
1155 1919.900024
1156 1919.900024
1157 1919.900024
1158 1919.900024
1159 1919.900024
1160 1919.900024
1161 1919.900024
1162 1919.900024
1163 1919.900024
1164 1919.900024
1165 1919.900024
1166 1919.900024
1167 1919.900024
1168 1919.900024
1169 1919.900024
1170 1919.900024
1171 1919.900024
1172 1919.900024
1173 1919.900024
1174 1919.900024
1175 1919.900024
1176 1919.900024
1177 1919.900024
1178 1919.900024
1179 1919.900024
1180 1919.900024
1181 1919.900024
1182 1919.900024
1183 1919.900024
1184 1919.900024
1185 1919.900024
1186 1919.900024
1187 1919.900024
1188 1919.900024
1189 1919.900024
1190 1919.900024
1191 1919.900024
1192 1919.900024
1193 1919.900024
1194 1919.900024
1195 1919.900024
1196 1919.900024
1197 1919.900024
1198 1919.900024
1199 1919.900024
1200 1919.900024
